Tm	Rec_ID	AvgGSi00	AvgTSi00	AvgHamb	AvgTamb
2015-06-13 00:00:00	1347206	-0.180	23.762	0.025	26.155
2015-06-13 00:01:00	1347207	-0.170	23.766	0.024	26.167
2015-06-13 00:02:00	1347208	-0.169	23.779	0.024	26.173
2015-06-13 00:03:00	1347209	-0.183	23.785	0.026	26.187
2015-06-13 00:04:00	1347210	-0.177	23.790	0.026	26.202
2015-06-13 00:05:00	1347211	-0.188	23.803	0.025	26.220
2015-06-13 00:06:00	1347212	-0.172	23.818	0.025	26.240
2015-06-13 00:07:00	1347213	-0.173	23.821	0.025	26.252
2015-06-13 00:08:00	1347214	-0.178	23.826	0.025	26.255
2015-06-13 00:09:00	1347215	-0.180	23.838	0.024	26.260
2015-06-13 00:10:00	1347216	-0.177	23.849	0.026	26.271
2015-06-13 00:11:00	1347217	-0.177	23.857	0.025	26.278
2015-06-13 00:12:00	1347218	-0.157	23.867	0.024	26.279
2015-06-13 00:13:00	1347219	-0.181	23.874	0.026	26.284
2015-06-13 00:14:00	1347220	-0.172	23.884	0.024	26.286
2015-06-13 00:15:00	1347221	-0.195	23.893	0.025	26.301
2015-06-13 00:16:00	1347222	-0.187	23.902	0.025	26.316
2015-06-13 00:17:00	1347223	-0.176	23.901	0.026	26.326
2015-06-13 00:18:00	1347224	-0.178	23.899	0.024	26.329
2015-06-13 00:19:00	1347225	-0.162	23.893	0.025	26.326
2015-06-13 00:20:00	1347226	-0.174	23.876	0.024	26.325
2015-06-13 00:21:00	1347227	-0.178	23.873	0.025	26.331
2015-06-13 00:22:00	1347228	-0.163	23.875	0.025	26.343
2015-06-13 00:23:00	1347229	-0.180	23.880	0.026	26.357
2015-06-13 00:24:00	1347230	-0.160	23.886	0.022	26.368
2015-06-13 00:25:00	1347231	-0.206	23.894	0.028	26.373
2015-06-13 00:26:00	1347232	-0.164	23.892	0.025	26.381
2015-06-13 00:27:00	1347233	-0.170	23.896	0.023	26.393
2015-06-13 00:28:00	1347234	-0.159	23.900	0.024	26.394
2015-06-13 00:29:00	1347235	-0.168	23.906	0.026	26.396
2015-06-13 00:30:00	1347236	-0.184	23.896	0.026	26.401
2015-06-13 00:31:00	1347237	-0.169	23.887	0.025	26.402
2015-06-13 00:32:00	1347238	-0.180	23.882	0.025	26.397
2015-06-13 00:33:00	1347239	-0.117	23.880	0.020	26.395
2015-06-13 00:34:00	1347240	-0.174	23.886	0.025	26.393
2015-06-13 00:35:00	1347241	-0.178	23.884	0.026	26.380
2015-06-13 00:36:00	1347242	-0.169	23.872	0.025	26.366
2015-06-13 00:37:00	1347243	-0.169	23.868	0.025	26.362
2015-06-13 00:38:00	1347244	-0.172	23.867	0.025	26.356
2015-06-13 00:39:00	1347245	-0.249	23.861	0.028	26.356
2015-06-13 00:40:00	1347246	-0.155	23.854	0.023	26.351
2015-06-13 00:41:00	1347247	-0.158	23.846	0.025	26.346
2015-06-13 00:42:00	1347248	-0.173	23.836	0.025	26.339
2015-06-13 00:43:00	1347249	-0.158	23.833	0.025	26.342
2015-06-13 00:44:00	1347250	-0.227	23.844	0.026	26.347
2015-06-13 00:45:00	1347251	-0.180	23.845	0.025	26.348
2015-06-13 00:46:00	1347252	-0.174	23.851	0.026	26.359
2015-06-13 00:47:00	1347253	-0.187	23.847	0.024	26.359
2015-06-13 00:48:00	1347254	-0.153	23.848	0.025	26.359
2015-06-13 00:49:00	1347255	-0.176	23.840	0.026	26.359
2015-06-13 00:50:00	1347256	-0.187	23.827	0.025	26.352
2015-06-13 00:51:00	1347257	-0.189	23.803	0.024	26.348
2015-06-13 00:52:00	1347258	-0.141	23.798	0.024	26.363
2015-06-13 00:53:00	1347259	-0.136	23.791	0.024	26.375
2015-06-13 00:54:00	1347260	-0.187	23.782	0.026	26.383
2015-06-13 00:55:00	1347261	-0.183	23.776	0.026	26.378
2015-06-13 00:56:00	1347262	-0.166	23.777	0.024	26.379
2015-06-13 00:57:00	1347263	-0.173	23.776	0.025	26.383
2015-06-13 00:58:00	1347264	-0.206	23.771	0.025	26.386
2015-06-13 00:59:00	1347265	-0.161	23.774	0.025	26.395
2015-06-13 01:00:00	1347266	-0.188	23.766	0.025	26.393
2015-06-13 01:01:00	1347267	-0.187	23.762	0.024	26.395
2015-06-13 01:02:00	1347268	-0.197	23.763	0.026	26.391
2015-06-13 01:03:00	1347269	-0.171	23.767	0.024	26.392
2015-06-13 01:04:00	1347270	-0.168	23.772	0.024	26.390
2015-06-13 01:05:00	1347271	-0.156	23.779	0.025	26.388
2015-06-13 01:06:00	1347272	-0.169	23.787	0.026	26.385
2015-06-13 01:07:00	1347273	-0.183	23.800	0.026	26.380
2015-06-13 01:08:00	1347274	-0.178	23.810	0.025	26.380
2015-06-13 01:09:00	1347275	-0.184	23.818	0.025	26.388
2015-06-13 01:10:00	1347276	-0.178	23.828	0.025	26.394
2015-06-13 01:11:00	1347277	-0.172	23.834	0.026	26.391
2015-06-13 01:12:00	1347278	-0.180	23.847	0.026	26.386
2015-06-13 01:13:00	1347279	-0.182	23.854	0.025	26.384
2015-06-13 01:14:00	1347280	-0.168	23.861	0.026	26.379
2015-06-13 01:15:00	1347281	-0.162	23.871	0.024	26.366
2015-06-13 01:16:00	1347282	-0.112	23.896	0.020	26.364
2015-06-13 01:17:00	1347283	-0.138	23.918	0.023	26.364
2015-06-13 01:18:00	1347284	-0.187	23.923	0.025	26.364
2015-06-13 01:19:00	1347285	-0.164	23.935	0.025	26.362
2015-06-13 01:20:00	1347286	-0.165	23.954	0.024	26.370
2015-06-13 01:21:00	1347287	-0.151	23.954	0.024	26.372
2015-06-13 01:22:00	1347288	-0.178	23.944	0.024	26.369
2015-06-13 01:23:00	1347289	-0.170	23.941	0.025	26.365
2015-06-13 01:24:00	1347290	-0.203	23.952	0.026	26.373
2015-06-13 01:25:00	1347291	-0.199	23.958	0.025	26.373
2015-06-13 01:26:00	1347292	-0.177	23.957	0.025	26.370
2015-06-13 01:27:00	1347293	-0.193	23.960	0.025	26.370
2015-06-13 01:28:00	1347294	-0.174	23.964	0.025	26.373
2015-06-13 01:29:00	1347295	-0.176	23.966	0.026	26.357
2015-06-13 01:30:00	1347296	-0.173	23.967	0.025	26.354
2015-06-13 01:31:00	1347297	-0.180	23.967	0.023	26.358
2015-06-13 01:32:00	1347298	-0.192	23.966	0.025	26.369
2015-06-13 01:33:00	1347299	-0.204	23.966	0.028	26.374
2015-06-13 01:34:00	1347300	-0.197	23.969	0.027	26.382
2015-06-13 01:35:00	1347301	-0.171	23.967	0.025	26.378
2015-06-13 01:36:00	1347302	-0.173	23.984	0.025	26.374
2015-06-13 01:37:00	1347303	-0.179	23.984	0.025	26.383
2015-06-13 01:38:00	1347304	-0.173	24.002	0.026	26.371
2015-06-13 01:39:00	1347305	-0.175	23.999	0.023	26.374
2015-06-13 01:40:00	1347306	-0.175	23.998	0.026	26.367
2015-06-13 01:41:00	1347307	-0.158	24.008	0.024	26.375
2015-06-13 01:42:00	1347308	-0.152	24.016	0.025	26.381
2015-06-13 01:43:00	1347309	-0.196	24.036	0.024	26.382
2015-06-13 01:44:00	1347310	-0.064	24.057	0.020	26.393
2015-06-13 01:45:00	1347311	-0.122	24.056	0.023	26.404
2015-06-13 01:46:00	1347312	-0.192	24.062	0.027	26.408
2015-06-13 01:47:00	1347313	-0.156	24.069	0.024	26.416
2015-06-13 01:48:00	1347314	-0.187	24.083	0.025	26.420
2015-06-13 01:49:00	1347315	-0.180	24.101	0.026	26.430
2015-06-13 01:50:00	1347316	-0.164	24.097	0.025	26.437
2015-06-13 01:51:00	1347317	-0.187	24.115	0.027	26.438
2015-06-13 01:52:00	1347318	-0.149	24.136	0.025	26.432
2015-06-13 01:53:00	1347319	-0.197	24.177	0.026	26.432
2015-06-13 01:54:00	1347320	-0.139	24.219	0.025	26.437
2015-06-13 01:55:00	1347321	-0.187	24.227	0.026	26.446
2015-06-13 01:56:00	1347322	-0.176	24.240	0.026	26.450
2015-06-13 01:57:00	1347323	-0.158	24.278	0.025	26.458
2015-06-13 01:58:00	1347324	-0.172	24.291	0.025	26.461
2015-06-13 01:59:00	1347325	-0.153	24.299	0.024	26.460
2015-06-13 02:00:00	1347326	-0.201	24.305	0.025	26.463
2015-06-13 02:01:00	1347327	-0.170	24.320	0.025	26.467
2015-06-13 02:02:00	1347328	-0.177	24.351	0.024	26.477
2015-06-13 02:03:00	1347329	-0.185	24.339	0.025	26.483
2015-06-13 02:04:00	1347330	-0.171	24.333	0.025	26.478
2015-06-13 02:05:00	1347331	-0.186	24.348	0.026	26.477
2015-06-13 02:06:00	1347332	-0.161	24.351	0.025	26.475
2015-06-13 02:07:00	1347333	-0.193	24.343	0.026	26.478
2015-06-13 02:08:00	1347334	-0.166	24.368	0.023	26.484
2015-06-13 02:09:00	1347335	-0.183	24.346	0.025	26.494
2015-06-13 02:10:00	1347336	-0.192	24.349	0.025	26.503
2015-06-13 02:11:00	1347337	-0.194	24.352	0.026	26.511
2015-06-13 02:12:00	1347338	-0.184	24.350	0.027	26.513
2015-06-13 02:13:00	1347339	-0.202	24.366	0.031	26.518
2015-06-13 02:14:00	1347340	-0.172	24.380	0.024	26.524
2015-06-13 02:15:00	1347341	-0.221	24.370	0.029	26.523
2015-06-13 02:16:00	1347342	-0.251	24.369	0.029	26.525
2015-06-13 02:17:00	1347343	-0.178	24.400	0.026	26.525
2015-06-13 02:18:00	1347344	-0.154	24.417	0.028	26.528
2015-06-13 02:19:00	1347345	-0.179	24.441	0.026	26.526
2015-06-13 02:20:00	1347346	-0.170	24.446	0.026	26.533
2015-06-13 02:21:00	1347347	-0.210	24.474	0.030	26.539
2015-06-13 02:22:00	1347348	-0.163	24.500	0.026	26.543
2015-06-13 02:23:00	1347349	-0.175	24.503	0.025	26.547
2015-06-13 02:24:00	1347350	-0.155	24.487	0.025	26.554
2015-06-13 02:25:00	1347351	-0.241	24.481	0.030	26.557
2015-06-13 02:26:00	1347352	-0.197	24.496	0.028	26.556
2015-06-13 02:27:00	1347353	-0.152	24.491	0.024	26.555
2015-06-13 02:28:00	1347354	-0.148	24.486	0.024	26.556
2015-06-13 02:29:00	1347355	-0.192	24.458	0.026	26.565
2015-06-13 02:30:00	1347356	-0.166	24.458	0.026	26.563
2015-06-13 02:31:00	1347357	-0.205	24.460	0.027	26.562
2015-06-13 02:32:00	1347358	-0.159	24.484	0.023	26.563
2015-06-13 02:33:00	1347359	-0.181	24.494	0.027	26.563
2015-06-13 02:34:00	1347360	-0.236	24.511	0.028	26.565
2015-06-13 02:35:00	1347361	-0.142	24.502	0.023	26.574
2015-06-13 02:36:00	1347362	-0.202	24.540	0.026	26.571
2015-06-13 02:37:00	1347363	-0.151	24.555	0.023	26.569
2015-06-13 02:38:00	1347364	-0.150	24.558	0.024	26.572
2015-06-13 02:39:00	1347365	-0.209	24.575	0.025	26.575
2015-06-13 02:40:00	1347366	-0.182	24.564	0.024	26.567
2015-06-13 02:41:00	1347367	-0.204	24.578	0.027	26.558
2015-06-13 02:42:00	1347368	-0.192	24.602	0.025	26.561
2015-06-13 02:43:00	1347369	-0.146	24.612	0.023	26.564
2015-06-13 02:44:00	1347370	-0.168	24.636	0.025	26.568
2015-06-13 02:45:00	1347371	-0.202	24.592	0.025	26.577
2015-06-13 02:46:00	1347372	-0.167	24.566	0.025	26.577
2015-06-13 02:47:00	1347373	-0.183	24.575	0.024	26.578
2015-06-13 02:48:00	1347374	-0.162	24.565	0.025	26.578
2015-06-13 02:49:00	1347375	-0.168	24.564	0.023	26.577
2015-06-13 02:50:00	1347376	-0.167	24.576	0.025	26.576
2015-06-13 02:51:00	1347377	-0.179	24.596	0.026	26.576
2015-06-13 02:52:00	1347378	-0.200	24.619	0.025	26.578
2015-06-13 02:53:00	1347379	-0.197	24.633	0.027	26.580
2015-06-13 02:54:00	1347380	-0.217	24.603	0.026	26.572
2015-06-13 02:55:00	1347381	-0.186	24.557	0.025	26.588
2015-06-13 02:56:00	1347382	-0.175	24.536	0.023	26.589
2015-06-13 02:57:00	1347383	-0.114	24.572	0.022	26.582
2015-06-13 02:58:00	1347384	-0.163	24.579	0.020	26.587
2015-06-13 02:59:00	1347385	-0.169	24.560	0.026	26.590
2015-06-13 03:00:00	1347386	-0.158	24.591	0.024	26.579
2015-06-13 03:01:00	1347387	-0.185	24.595	0.026	26.569
2015-06-13 03:02:00	1347388	-0.171	24.561	0.025	26.583
2015-06-13 03:03:00	1347389	-0.179	24.559	0.026	26.586
2015-06-13 03:04:00	1347390	-0.174	24.586	0.029	26.578
2015-06-13 03:05:00	1347391	-0.238	24.611	0.028	26.591
2015-06-13 03:06:00	1347392	-0.214	24.599	0.028	26.607
2015-06-13 03:07:00	1347393	-0.310	24.584	0.030	26.615
2015-06-13 03:08:00	1347394	-0.165	24.597	0.027	26.605
2015-06-13 03:09:00	1347395	-0.162	24.597	0.024	26.601
2015-06-13 03:10:00	1347396	-0.209	24.561	0.027	26.609
2015-06-13 03:11:00	1347397	-0.139	24.542	0.022	26.615
2015-06-13 03:12:00	1347398	-0.190	24.525	0.026	26.622
2015-06-13 03:13:00	1347399	-0.249	24.499	0.030	26.608
2015-06-13 03:14:00	1347400	-0.186	24.484	0.025	26.602
2015-06-13 03:15:00	1347401	-0.179	24.445	0.025	26.598
2015-06-13 03:16:00	1347402	-0.201	24.423	0.026	26.597
2015-06-13 03:17:00	1347403	-0.172	24.436	0.025	26.598
2015-06-13 03:18:00	1347404	-0.199	24.472	0.026	26.598
2015-06-13 03:19:00	1347405	-0.094	24.485	0.024	26.596
2015-06-13 03:20:00	1347406	-0.173	24.466	0.026	26.598
2015-06-13 03:21:00	1347407	-0.177	24.427	0.025	26.601
2015-06-13 03:22:00	1347408	-0.200	24.388	0.027	26.604
2015-06-13 03:23:00	1347409	-0.240	24.346	0.027	26.595
2015-06-13 03:24:00	1347410	-0.166	24.339	0.022	26.591
2015-06-13 03:25:00	1347411	-0.218	24.356	0.027	26.588
2015-06-13 03:26:00	1347412	-0.217	24.343	0.026	26.591
2015-06-13 03:27:00	1347413	-0.137	24.325	0.023	26.592
2015-06-13 03:28:00	1347414	-0.183	24.344	0.025	26.590
2015-06-13 03:29:00	1347415	-0.067	24.328	0.019	26.599
2015-06-13 03:30:00	1347416	-0.173	24.343	0.026	26.592
2015-06-13 03:31:00	1347417	-0.215	24.354	0.027	26.598
2015-06-13 03:32:00	1347418	-0.142	24.360	0.022	26.597
2015-06-13 03:33:00	1347419	-0.186	24.342	0.028	26.604
2015-06-13 03:34:00	1347420	-0.149	24.301	0.024	26.593
2015-06-13 03:35:00	1347421	-0.212	24.273	0.027	26.595
2015-06-13 03:36:00	1347422	-0.155	24.280	0.024	26.603
2015-06-13 03:37:00	1347423	-0.086	24.274	0.021	26.598
2015-06-13 03:38:00	1347424	-0.175	24.254	0.026	26.597
2015-06-13 03:39:00	1347425	-0.185	24.214	0.026	26.596
2015-06-13 03:40:00	1347426	-0.144	24.188	0.022	26.597
2015-06-13 03:41:00	1347427	-0.208	24.189	0.028	26.591
2015-06-13 03:42:00	1347428	-0.142	24.244	0.022	26.568
2015-06-13 03:43:00	1347429	-0.202	24.232	0.027	26.578
2015-06-13 03:44:00	1347430	-0.180	24.237	0.025	26.584
2015-06-13 03:45:00	1347431	-0.122	24.261	0.024	26.587
2015-06-13 03:46:00	1347432	-0.193	24.285	0.027	26.592
2015-06-13 03:47:00	1347433	-0.173	24.301	0.024	26.601
2015-06-13 03:48:00	1347434	-0.207	24.308	0.028	26.596
2015-06-13 03:49:00	1347435	-0.169	24.293	0.029	26.602
2015-06-13 03:50:00	1347436	-0.180	24.258	0.026	26.608
2015-06-13 03:51:00	1347437	-0.147	24.226	0.023	26.613
2015-06-13 03:52:00	1347438	-0.178	24.198	0.025	26.614
2015-06-13 03:53:00	1347439	-0.193	24.204	0.026	26.603
2015-06-13 03:54:00	1347440	-0.169	24.238	0.025	26.594
2015-06-13 03:55:00	1347441	-0.204	24.300	0.027	26.589
2015-06-13 03:56:00	1347442	-0.148	24.351	0.025	26.599
2015-06-13 03:57:00	1347443	-0.216	24.357	0.027	26.591
2015-06-13 03:58:00	1347444	-0.191	24.339	0.025	26.600
2015-06-13 03:59:00	1347445	-0.166	24.337	0.027	26.608
2015-06-13 04:00:00	1347446	-0.154	24.324	0.026	26.615
2015-06-13 04:01:00	1347447	-0.186	24.313	0.025	26.619
2015-06-13 04:02:00	1347448	-0.174	24.345	0.026	26.621
2015-06-13 04:03:00	1347449	-0.176	24.353	0.026	26.615
2015-06-13 04:04:00	1347450	-0.201	24.355	0.027	26.612
2015-06-13 04:05:00	1347451	-0.197	24.331	0.026	26.616
2015-06-13 04:06:00	1347452	-0.169	24.351	0.025	26.618
2015-06-13 04:07:00	1347453	-0.188	24.350	0.024	26.623
2015-06-13 04:08:00	1347454	-0.153	24.347	0.024	26.625
2015-06-13 04:09:00	1347455	-0.175	24.372	0.026	26.618
2015-06-13 04:10:00	1347456	-0.187	24.403	0.024	26.615
2015-06-13 04:11:00	1347457	-0.175	24.405	0.025	26.612
2015-06-13 04:12:00	1347458	-0.175	24.421	0.025	26.607
2015-06-13 04:13:00	1347459	-0.159	24.433	0.025	26.596
2015-06-13 04:14:00	1347460	-0.160	24.426	0.026	26.590
2015-06-13 04:15:00	1347461	-0.195	24.442	0.025	26.588
2015-06-13 04:16:00	1347462	-0.163	24.513	0.025	26.581
2015-06-13 04:17:00	1347463	-0.186	24.556	0.024	26.573
2015-06-13 04:18:00	1347464	-0.164	24.589	0.024	26.562
2015-06-13 04:19:00	1347465	-0.192	24.622	0.025	26.556
2015-06-13 04:20:00	1347466	-0.188	24.654	0.024	26.545
2015-06-13 04:21:00	1347467	-0.191	24.657	0.025	26.539
2015-06-13 04:22:00	1347468	-0.181	24.666	0.025	26.541
2015-06-13 04:23:00	1347469	-0.191	24.665	0.025	26.538
2015-06-13 04:24:00	1347470	-0.172	24.677	0.025	26.538
2015-06-13 04:25:00	1347471	-0.178	24.704	0.025	26.536
2015-06-13 04:26:00	1347472	-0.157	24.722	0.025	26.527
2015-06-13 04:27:00	1347473	-0.176	24.742	0.026	26.522
2015-06-13 04:28:00	1347474	-0.182	24.763	0.025	26.521
2015-06-13 04:29:00	1347475	-0.174	24.782	0.026	26.514
2015-06-13 04:30:00	1347476	-0.161	24.778	0.025	26.516
2015-06-13 04:31:00	1347477	-0.188	24.780	0.026	26.514
2015-06-13 04:32:00	1347478	-0.179	24.783	0.027	26.504
2015-06-13 04:33:00	1347479	-0.158	24.766	0.025	26.478
2015-06-13 04:34:00	1347480	-0.159	24.739	0.021	26.470
2015-06-13 04:35:00	1347481	-0.201	24.704	0.026	26.465
2015-06-13 04:36:00	1347482	-0.255	24.669	0.031	26.463
2015-06-13 04:37:00	1347483	-0.138	24.647	0.021	26.454
2015-06-13 04:38:00	1347484	-0.060	24.653	0.020	26.448
2015-06-13 04:39:00	1347485	-0.182	24.657	0.025	26.432
2015-06-13 04:40:00	1347486	-0.170	24.645	0.026	26.428
2015-06-13 04:41:00	1347487	-0.197	24.622	0.025	26.423
2015-06-13 04:42:00	1347488	-0.168	24.594	0.025	26.420
2015-06-13 04:43:00	1347489	-0.193	24.578	0.025	26.416
2015-06-13 04:44:00	1347490	-0.176	24.567	0.025	26.413
2015-06-13 04:45:00	1347491	-0.164	24.539	0.025	26.413
2015-06-13 04:46:00	1347492	-0.187	24.516	0.025	26.400
2015-06-13 04:47:00	1347493	-0.168	24.505	0.027	26.404
2015-06-13 04:48:00	1347494	-0.168	24.514	0.026	26.395
2015-06-13 04:49:00	1347495	-0.185	24.547	0.025	26.377
2015-06-13 04:50:00	1347496	-0.179	24.560	0.024	26.374
2015-06-13 04:51:00	1347497	-0.182	24.563	0.025	26.360
2015-06-13 04:52:00	1347498	-0.168	24.568	0.024	26.347
2015-06-13 04:53:00	1347499	-0.179	24.548	0.026	26.344
2015-06-13 04:54:00	1347500	-0.150	24.550	0.025	26.325
2015-06-13 04:55:00	1347501	-0.172	24.537	0.025	26.320
2015-06-13 04:56:00	1347502	-0.173	24.520	0.024	26.311
2015-06-13 04:57:00	1347503	-0.174	24.508	0.025	26.298
2015-06-13 04:58:00	1347504	-0.177	24.481	0.025	26.301
2015-06-13 04:59:00	1347505	-0.175	24.456	0.025	26.292
2015-06-13 05:00:00	1347506	-0.169	24.423	0.024	26.285
2015-06-13 05:01:00	1347507	-0.175	24.413	0.024	26.277
2015-06-13 05:02:00	1347508	-0.168	24.403	0.023	26.278
2015-06-13 05:03:00	1347509	-0.178	24.373	0.026	26.274
2015-06-13 05:04:00	1347510	-0.184	24.340	0.025	26.273
2015-06-13 05:05:00	1347511	-0.182	24.309	0.025	26.267
2015-06-13 05:06:00	1347512	-0.184	24.279	0.026	26.264
2015-06-13 05:07:00	1347513	-0.179	24.264	0.024	26.258
2015-06-13 05:08:00	1347514	-0.198	24.265	0.026	26.253
2015-06-13 05:09:00	1347515	-0.169	24.280	0.026	26.252
2015-06-13 05:10:00	1347516	-0.178	24.286	0.024	26.257
2015-06-13 05:11:00	1347517	-0.182	24.301	0.026	26.259
2015-06-13 05:12:00	1347518	-0.139	24.308	0.021	26.251
2015-06-13 05:13:00	1347519	-0.205	24.322	0.027	26.247
2015-06-13 05:14:00	1347520	-0.097	24.345	0.024	26.252
2015-06-13 05:15:00	1347521	-0.107	24.342	0.020	26.253
2015-06-13 05:16:00	1347522	-0.289	24.313	0.030	26.251
2015-06-13 05:17:00	1347523	-0.255	24.311	0.028	26.249
2015-06-13 05:18:00	1347524	-0.205	24.326	0.024	26.258
2015-06-13 05:19:00	1347525	-0.121	24.345	0.021	26.245
2015-06-13 05:20:00	1347526	-0.175	24.339	0.024	26.244
2015-06-13 05:21:00	1347527	-0.197	24.353	0.026	26.244
2015-06-13 05:22:00	1347528	-0.054	24.350	0.020	26.238
2015-06-13 05:23:00	1347529	-0.130	24.332	0.024	26.233
2015-06-13 05:24:00	1347530	-0.142	24.344	0.025	26.223
2015-06-13 05:25:00	1347531	-0.172	24.317	0.024	26.219
2015-06-13 05:26:00	1347532	-0.158	24.325	0.025	26.214
2015-06-13 05:27:00	1347533	-0.172	24.330	0.027	26.220
2015-06-13 05:28:00	1347534	-0.172	24.305	0.024	26.226
2015-06-13 05:29:00	1347535	-0.185	24.307	0.025	26.229
2015-06-13 05:30:00	1347536	-0.181	24.316	0.024	26.213
2015-06-13 05:31:00	1347537	-0.217	24.317	0.028	26.223
2015-06-13 05:32:00	1347538	-0.188	24.313	0.026	26.221
2015-06-13 05:33:00	1347539	-0.157	24.298	0.025	26.215
2015-06-13 05:34:00	1347540	-0.168	24.276	0.025	26.200
2015-06-13 05:35:00	1347541	-0.181	24.270	0.026	26.197
2015-06-13 05:36:00	1347542	-0.171	24.278	0.026	26.179
2015-06-13 05:37:00	1347543	-0.153	24.259	0.024	26.173
2015-06-13 05:38:00	1347544	-0.173	24.210	0.025	26.182
2015-06-13 05:39:00	1347545	-0.201	24.196	0.025	26.173
2015-06-13 05:40:00	1347546	-0.165	24.197	0.025	26.171
2015-06-13 05:41:00	1347547	-0.181	24.175	0.027	26.163
2015-06-13 05:42:00	1347548	-0.179	24.167	0.025	26.152
2015-06-13 05:43:00	1347549	-0.162	24.159	0.025	26.135
2015-06-13 05:44:00	1347550	-0.175	24.154	0.026	26.138
2015-06-13 05:45:00	1347551	-0.178	24.155	0.025	26.142
2015-06-13 05:46:00	1347552	-0.179	24.164	0.025	26.147
2015-06-13 05:47:00	1347553	-0.177	24.194	0.024	26.148
2015-06-13 05:48:00	1347554	-0.181	24.239	0.026	26.127
2015-06-13 05:49:00	1347555	-0.199	24.235	0.025	26.143
2015-06-13 05:50:00	1347556	-0.191	24.234	0.025	26.137
2015-06-13 05:51:00	1347557	-0.167	24.234	0.025	26.136
2015-06-13 05:52:00	1347558	-0.165	24.244	0.024	26.148
2015-06-13 05:53:00	1347559	-0.177	24.266	0.026	26.152
2015-06-13 05:54:00	1347560	-0.172	24.292	0.025	26.148
2015-06-13 05:55:00	1347561	-0.163	24.296	0.024	26.153
2015-06-13 05:56:00	1347562	-0.190	24.282	0.027	26.157
2015-06-13 05:57:00	1347563	-0.164	24.303	0.026	26.171
2015-06-13 05:58:00	1347564	-0.237	24.298	0.029	26.154
2015-06-13 05:59:00	1347565	-0.183	24.278	0.024	26.157
2015-06-13 06:00:00	1347566	-0.147	24.283	0.028	26.161
2015-06-13 06:01:00	1347567	-0.174	24.298	0.025	26.169
2015-06-13 06:02:00	1347568	-0.191	24.330	0.026	26.169
2015-06-13 06:03:00	1347569	-0.176	24.364	0.025	26.172
2015-06-13 06:04:00	1347570	-0.154	24.385	0.025	26.184
2015-06-13 06:05:00	1347571	-0.194	24.433	0.027	26.194
2015-06-13 06:06:00	1347572	-0.179	24.438	0.025	26.205
2015-06-13 06:07:00	1347573	-0.179	24.426	0.025	26.208
2015-06-13 06:08:00	1347574	-0.201	24.426	0.026	26.220
2015-06-13 06:09:00	1347575	-0.168	24.421	0.023	26.222
2015-06-13 06:10:00	1347576	-0.157	24.443	0.023	26.204
2015-06-13 06:11:00	1347577	-0.175	24.446	0.026	26.209
2015-06-13 06:12:00	1347578	-0.186	24.446	0.025	26.202
2015-06-13 06:13:00	1347579	-0.193	24.437	0.026	26.199
2015-06-13 06:14:00	1347580	-0.176	24.428	0.026	26.203
2015-06-13 06:15:00	1347581	-0.178	24.472	0.025	26.190
2015-06-13 06:16:00	1347582	-0.141	24.489	0.024	26.190
2015-06-13 06:17:00	1347583	-0.206	24.510	0.025	26.190
2015-06-13 06:18:00	1347584	-0.098	24.538	0.021	26.160
2015-06-13 06:19:00	1347585	-0.123	24.532	0.022	26.153
2015-06-13 06:20:00	1347586	-0.185	24.531	0.026	26.167
2015-06-13 06:21:00	1347587	-0.171	24.565	0.025	26.162
2015-06-13 06:22:00	1347588	-0.158	24.597	0.024	26.167
2015-06-13 06:23:00	1347589	-0.177	24.595	0.026	26.171
2015-06-13 06:24:00	1347590	-0.174	24.592	0.026	26.178
2015-06-13 06:25:00	1347591	-0.154	24.600	0.025	26.166
2015-06-13 06:26:00	1347592	-0.179	24.602	0.026	26.177
2015-06-13 06:27:00	1347593	-0.193	24.596	0.024	26.200
2015-06-13 06:28:00	1347594	-0.164	24.577	0.025	26.216
2015-06-13 06:29:00	1347595	-0.157	24.545	0.026	26.211
2015-06-13 06:30:00	1347596	-0.187	24.497	0.026	26.215
2015-06-13 06:31:00	1347597	-0.172	24.488	0.026	26.212
2015-06-13 06:32:00	1347598	-0.160	24.480	0.024	26.228
2015-06-13 06:33:00	1347599	-0.175	24.488	0.023	26.238
2015-06-13 06:34:00	1347600	-0.156	24.488	0.024	26.238
2015-06-13 06:35:00	1347601	-0.175	24.446	0.026	26.237
2015-06-13 06:36:00	1347602	-0.174	24.412	0.025	26.239
2015-06-13 06:37:00	1347603	-0.173	24.386	0.024	26.235
2015-06-13 06:38:00	1347604	-0.146	24.343	0.025	26.229
2015-06-13 06:39:00	1347605	-0.149	24.313	0.024	26.227
2015-06-13 06:40:00	1347606	-0.083	24.278	0.020	26.223
2015-06-13 06:41:00	1347607	-0.105	24.238	0.023	26.218
2015-06-13 06:42:00	1347608	-0.115	24.202	0.024	26.212
2015-06-13 06:43:00	1347609	-0.083	24.172	0.025	26.205
2015-06-13 06:44:00	1347610	-0.067	24.142	0.023	26.197
2015-06-13 06:45:00	1347611	-0.065	24.128	0.025	26.187
2015-06-13 06:46:00	1347612	-0.056	24.137	0.028	26.167
2015-06-13 06:47:00	1347613	0.021	24.170	0.025	26.146
2015-06-13 06:48:00	1347614	0.082	24.156	0.026	26.134
2015-06-13 06:49:00	1347615	0.133	24.123	0.025	26.129
2015-06-13 06:50:00	1347616	0.316	24.086	0.021	26.122
2015-06-13 06:51:00	1347617	0.336	24.058	0.026	26.114
2015-06-13 06:52:00	1347618	0.450	24.044	0.026	26.101
2015-06-13 06:53:00	1347619	0.617	24.033	0.025	26.093
2015-06-13 06:54:00	1347620	0.797	24.034	0.027	26.085
2015-06-13 06:55:00	1347621	1.102	24.046	0.027	26.075
2015-06-13 06:56:00	1347622	1.432	24.050	0.026	26.068
2015-06-13 06:57:00	1347623	1.682	24.038	0.025	26.063
2015-06-13 06:58:00	1347624	1.736	24.014	0.025	26.056
2015-06-13 06:59:00	1347625	1.862	23.998	0.026	26.052
2015-06-13 07:00:00	1347626	2.086	23.983	0.026	26.049
2015-06-13 07:01:00	1347627	2.571	23.968	0.025	26.045
2015-06-13 07:02:00	1347628	3.434	23.992	0.025	26.043
2015-06-13 07:03:00	1347629	4.482	24.044	0.024	26.041
2015-06-13 07:04:00	1347630	5.386	24.077	0.026	26.045
2015-06-13 07:05:00	1347631	6.366	24.076	0.025	26.046
2015-06-13 07:06:00	1347632	7.488	24.070	0.026	26.043
2015-06-13 07:07:00	1347633	8.569	24.069	0.025	26.038
2015-06-13 07:08:00	1347634	9.504	24.071	0.025	26.030
2015-06-13 07:09:00	1347635	10.305	24.092	0.025	26.021
2015-06-13 07:10:00	1347636	10.576	24.127	0.025	26.022
2015-06-13 07:11:00	1347637	10.326	24.157	0.025	26.018
2015-06-13 07:12:00	1347638	10.032	24.185	0.027	26.008
2015-06-13 07:13:00	1347639	10.049	24.207	0.026	26.010
2015-06-13 07:14:00	1347640	10.514	24.214	0.026	26.019
2015-06-13 07:15:00	1347641	11.237	24.246	0.026	26.042
2015-06-13 07:16:00	1347642	11.986	24.287	0.025	26.042
2015-06-13 07:17:00	1347643	12.613	24.331	0.024	26.049
2015-06-13 07:18:00	1347644	13.190	24.356	0.025	26.071
2015-06-13 07:19:00	1347645	13.747	24.373	0.026	26.090
2015-06-13 07:20:00	1347646	14.387	24.408	0.025	26.105
2015-06-13 07:21:00	1347647	15.094	24.437	0.025	26.099
2015-06-13 07:22:00	1347648	15.931	24.471	0.026	26.108
2015-06-13 07:23:00	1347649	16.864	24.505	0.025	26.112
2015-06-13 07:24:00	1347650	17.912	24.545	0.025	26.121
2015-06-13 07:25:00	1347651	19.027	24.592	0.025	26.131
2015-06-13 07:26:00	1347652	20.239	24.643	0.025	26.143
2015-06-13 07:27:00	1347653	21.442	24.680	0.026	26.160
2015-06-13 07:28:00	1347654	22.820	24.718	0.025	26.172
2015-06-13 07:29:00	1347655	24.153	24.757	0.026	26.180
2015-06-13 07:30:00	1347656	25.499	24.819	0.025	26.193
2015-06-13 07:31:00	1347657	26.889	24.871	0.026	26.198
2015-06-13 07:32:00	1347658	28.309	24.940	0.025	26.205
2015-06-13 07:33:00	1347659	29.641	24.998	0.025	26.213
2015-06-13 07:34:00	1347660	30.941	25.052	0.025	26.223
2015-06-13 07:35:00	1347661	32.268	25.095	0.026	26.232
2015-06-13 07:36:00	1347662	33.648	25.151	0.024	26.247
2015-06-13 07:37:00	1347663	35.038	25.213	0.026	26.255
2015-06-13 07:38:00	1347664	36.442	25.269	0.025	26.266
2015-06-13 07:39:00	1347665	37.726	25.327	0.024	26.282
2015-06-13 07:40:00	1347666	39.018	25.382	0.025	26.292
2015-06-13 07:41:00	1347667	40.288	25.435	0.026	26.302
2015-06-13 07:42:00	1347668	41.703	25.489	0.026	26.306
2015-06-13 07:43:00	1347669	43.348	25.538	0.025	26.311
2015-06-13 07:44:00	1347670	44.845	25.593	0.026	26.316
2015-06-13 07:45:00	1347671	46.204	25.659	0.025	26.333
2015-06-13 07:46:00	1347672	47.496	25.723	0.026	26.347
2015-06-13 07:47:00	1347673	48.653	25.774	0.027	26.353
2015-06-13 07:48:00	1347674	49.775	25.820	0.024	26.364
2015-06-13 07:49:00	1347675	51.093	25.864	0.026	26.370
2015-06-13 07:50:00	1347676	51.916	25.913	0.025	26.379
2015-06-13 07:51:00	1347677	52.671	25.974	0.025	26.396
2015-06-13 07:52:00	1347678	53.851	26.033	0.026	26.407
2015-06-13 07:53:00	1347679	55.642	26.100	0.026	26.427
2015-06-13 07:54:00	1347680	57.391	26.152	0.026	26.439
2015-06-13 07:55:00	1347681	58.037	26.203	0.025	26.449
2015-06-13 07:56:00	1347682	58.855	26.276	0.026	26.475
2015-06-13 07:57:00	1347683	59.974	26.354	0.027	26.504
2015-06-13 07:58:00	1347684	61.191	26.428	0.026	26.525
2015-06-13 07:59:00	1347685	62.571	26.459	0.027	26.534
2015-06-13 08:00:00	1347686	64.177	26.494	0.027	26.538
2015-06-13 08:01:00	1347687	65.771	26.573	0.025	26.557
2015-06-13 08:02:00	1347688	67.378	26.648	0.027	26.575
2015-06-13 08:03:00	1347689	69.049	26.710	0.026	26.583
2015-06-13 08:04:00	1347690	70.899	26.788	0.027	26.599
2015-06-13 08:05:00	1347691	72.995	26.859	0.026	26.613
2015-06-13 08:06:00	1347692	75.382	26.923	0.027	26.624
2015-06-13 08:07:00	1347693	78.142	26.968	0.026	26.635
2015-06-13 08:08:00	1347694	81.140	26.997	0.027	26.636
2015-06-13 08:09:00	1347695	84.395	27.076	0.026	26.645
2015-06-13 08:10:00	1347696	87.936	27.185	0.027	26.669
2015-06-13 08:11:00	1347697	91.778	27.286	0.027	26.683
2015-06-13 08:12:00	1347698	95.791	27.358	0.026	26.680
2015-06-13 08:13:00	1347699	99.896	27.488	0.028	26.684
2015-06-13 08:14:00	1347700	103.866	27.662	0.026	26.706
2015-06-13 08:15:00	1347701	107.717	27.804	0.027	26.725
2015-06-13 08:16:00	1347702	111.525	27.932	0.026	26.747
2015-06-13 08:17:00	1347703	115.304	28.083	0.026	26.763
2015-06-13 08:18:00	1347704	119.185	28.268	0.025	26.795
2015-06-13 08:19:00	1347705	122.848	28.401	0.028	26.829
2015-06-13 08:20:00	1347706	126.169	28.482	0.028	26.849
2015-06-13 08:21:00	1347707	129.297	28.591	0.026	26.863
2015-06-13 08:22:00	1347708	132.431	28.774	0.027	26.892
2015-06-13 08:23:00	1347709	135.237	28.948	0.027	26.926
2015-06-13 08:24:00	1347710	137.229	29.097	0.025	26.962
2015-06-13 08:25:00	1347711	138.748	29.244	0.027	27.004
2015-06-13 08:26:00	1347712	140.344	29.346	0.029	27.039
2015-06-13 08:27:00	1347713	141.897	29.430	0.026	27.063
2015-06-13 08:28:00	1347714	143.911	29.504	0.027	27.087
2015-06-13 08:29:00	1347715	146.729	29.552	0.025	27.103
2015-06-13 08:30:00	1347716	150.373	29.580	0.029	27.119
2015-06-13 08:31:00	1347717	155.378	29.705	0.027	27.144
2015-06-13 08:32:00	1347718	162.413	29.859	0.026	27.170
2015-06-13 08:33:00	1347719	170.846	30.086	0.027	27.214
2015-06-13 08:34:00	1347720	179.694	30.301	0.030	27.259
2015-06-13 08:35:00	1347721	189.196	30.545	0.029	27.305
2015-06-13 08:36:00	1347722	197.722	30.876	0.034	27.370
2015-06-13 08:37:00	1347723	200.822	31.215	0.030	27.444
2015-06-13 08:38:00	1347724	198.346	31.544	0.026	27.519
2015-06-13 08:39:00	1347725	197.819	31.795	0.028	27.584
2015-06-13 08:40:00	1347726	199.413	31.863	0.027	27.618
2015-06-13 08:41:00	1347727	200.232	31.973	0.028	27.660
2015-06-13 08:42:00	1347728	203.316	31.996	0.028	27.675
2015-06-13 08:43:00	1347729	207.387	32.126	0.028	27.699
2015-06-13 08:44:00	1347730	212.247	32.224	0.029	27.715
2015-06-13 08:45:00	1347731	220.230	32.466	0.028	27.740
2015-06-13 08:46:00	1347732	232.180	32.813	0.028	27.792
2015-06-13 08:47:00	1347733	234.047	33.081	0.029	27.846
2015-06-13 08:48:00	1347734	227.591	33.346	0.030	27.907
2015-06-13 08:49:00	1347735	223.899	33.540	0.028	27.970
2015-06-13 08:50:00	1347736	221.975	33.672	0.028	28.021
2015-06-13 08:51:00	1347737	221.044	33.848	0.029	28.086
2015-06-13 08:52:00	1347738	220.812	33.814	0.028	28.129
2015-06-13 08:53:00	1347739	220.805	33.849	0.028	28.152
2015-06-13 08:54:00	1347740	220.988	33.963	0.025	28.208
2015-06-13 08:55:00	1347741	221.462	34.031	0.029	28.270
2015-06-13 08:56:00	1347742	222.622	34.037	0.027	28.304
2015-06-13 08:57:00	1347743	223.509	34.020	0.028	28.336
2015-06-13 08:58:00	1347744	224.021	34.032	0.027	28.345
2015-06-13 08:59:00	1347745	224.372	34.148	0.026	28.369
2015-06-13 09:00:00	1347746	224.017	34.197	0.034	28.405
2015-06-13 09:01:00	1347747	224.624	34.330	0.027	28.445
2015-06-13 09:02:00	1347748	224.234	34.459	0.028	28.482
2015-06-13 09:03:00	1347749	221.706	34.415	0.029	28.504
2015-06-13 09:04:00	1347750	218.809	34.422	0.027	28.526
2015-06-13 09:05:00	1347751	218.974	34.531	0.028	28.576
2015-06-13 09:06:00	1347752	220.247	34.675	0.028	28.642
2015-06-13 09:07:00	1347753	221.743	34.784	0.026	28.720
2015-06-13 09:08:00	1347754	225.202	34.761	0.028	28.759
2015-06-13 09:09:00	1347755	230.454	34.706	0.028	28.751
2015-06-13 09:10:00	1347756	233.315	34.554	0.028	28.731
2015-06-13 09:11:00	1347757	237.854	34.596	0.028	28.763
2015-06-13 09:12:00	1347758	239.362	34.753	0.029	28.797
2015-06-13 09:13:00	1347759	234.214	34.702	0.029	28.810
2015-06-13 09:14:00	1347760	230.473	34.656	0.028	28.805
2015-06-13 09:15:00	1347761	237.734	34.729	0.027	28.822
2015-06-13 09:16:00	1347762	240.031	34.648	0.027	28.829
2015-06-13 09:17:00	1347763	259.505	34.799	0.027	28.851
2015-06-13 09:18:00	1347764	251.856	34.930	0.030	28.884
2015-06-13 09:19:00	1347765	255.069	34.614	0.029	28.839
2015-06-13 09:20:00	1347766	274.303	34.503	0.037	28.814
2015-06-13 09:21:00	1347767	304.149	34.578	0.025	28.807
2015-06-13 09:22:00	1347768	331.076	35.123	0.032	28.855
2015-06-13 09:23:00	1347769	290.392	35.465	0.028	28.870
2015-06-13 09:24:00	1347770	241.433	35.317	0.028	28.863
2015-06-13 09:25:00	1347771	231.156	35.226	0.029	28.867
2015-06-13 09:26:00	1347772	183.688	35.167	0.027	28.933
2015-06-13 09:27:00	1347773	176.850	34.950	0.028	28.994
2015-06-13 09:28:00	1347774	163.271	34.743	0.028	29.049
2015-06-13 09:29:00	1347775	148.769	34.346	0.026	29.053
2015-06-13 09:30:00	1347776	139.500	33.976	0.029	29.078
2015-06-13 09:31:00	1347777	133.173	33.645	0.028	29.090
2015-06-13 09:32:00	1347778	129.840	33.234	0.027	29.065
2015-06-13 09:33:00	1347779	132.934	32.748	0.027	29.020
2015-06-13 09:34:00	1347780	134.428	32.340	0.027	28.962
2015-06-13 09:35:00	1347781	135.867	31.871	0.026	28.845
2015-06-13 09:36:00	1347782	151.138	31.232	0.026	28.723
2015-06-13 09:37:00	1347783	168.172	30.897	0.026	28.606
2015-06-13 09:38:00	1347784	177.157	30.749	0.026	28.507
2015-06-13 09:39:00	1347785	178.867	30.652	0.031	28.426
2015-06-13 09:40:00	1347786	180.773	30.516	0.030	28.341
2015-06-13 09:41:00	1347787	184.301	30.510	0.028	28.295
2015-06-13 09:42:00	1347788	188.776	30.468	0.026	28.236
2015-06-13 09:43:00	1347789	194.655	30.583	0.030	28.216
2015-06-13 09:44:00	1347790	203.966	30.478	0.028	28.162
2015-06-13 09:45:00	1347791	211.969	30.507	0.029	28.125
2015-06-13 09:46:00	1347792	219.142	30.639	0.026	28.114
2015-06-13 09:47:00	1347793	226.943	30.704	0.026	28.092
2015-06-13 09:48:00	1347794	242.725	30.682	0.029	28.071
2015-06-13 09:49:00	1347795	273.186	30.965	0.028	28.069
2015-06-13 09:50:00	1347796	326.053	31.485	0.028	28.085
2015-06-13 09:51:00	1347797	332.966	31.998	0.034	28.100
2015-06-13 09:52:00	1347798	318.109	32.283	0.032	28.108
2015-06-13 09:53:00	1347799	327.687	32.599	0.030	28.128
2015-06-13 09:54:00	1347800	335.612	32.811	0.031	28.140
2015-06-13 09:55:00	1347801	452.994	33.244	0.029	28.185
2015-06-13 09:56:00	1347802	749.916	34.710	0.039	28.230
2015-06-13 09:57:00	1347803	787.942	36.768	0.040	28.309
2015-06-13 09:58:00	1347804	730.530	38.437	0.034	28.386
2015-06-13 09:59:00	1347805	390.373	39.023	0.038	28.460
2015-06-13 10:00:00	1347806	363.374	38.559	0.030	28.502
2015-06-13 10:01:00	1347807	365.503	37.770	0.028	28.518
2015-06-13 10:02:00	1347808	369.216	37.320	0.032	28.460
2015-06-13 10:03:00	1347809	381.372	37.272	0.034	28.516
2015-06-13 10:04:00	1347810	453.408	36.734	0.036	28.442
2015-06-13 10:05:00	1347811	557.957	36.858	0.031	28.400
2015-06-13 10:06:00	1347812	607.336	37.766	0.035	28.475
2015-06-13 10:07:00	1347813	535.706	38.581	0.031	28.584
2015-06-13 10:08:00	1347814	482.901	38.530	0.035	28.635
2015-06-13 10:09:00	1347815	498.051	38.774	0.033	28.741
2015-06-13 10:10:00	1347816	517.328	38.477	0.030	28.794
2015-06-13 10:11:00	1347817	429.179	38.120	0.032	28.831
2015-06-13 10:12:00	1347818	396.454	37.634	0.029	28.845
2015-06-13 10:13:00	1347819	372.107	37.264	0.029	28.868
2015-06-13 10:14:00	1347820	367.323	37.090	0.028	28.905
2015-06-13 10:15:00	1347821	378.228	37.031	0.031	28.951
2015-06-13 10:16:00	1347822	387.574	36.766	0.034	28.940
2015-06-13 10:17:00	1347823	392.739	36.482	0.022	28.923
2015-06-13 10:18:00	1347824	405.027	36.592	0.036	28.919
2015-06-13 10:19:00	1347825	435.703	36.949	0.029	28.955
2015-06-13 10:20:00	1347826	474.702	37.016	0.031	28.944
2015-06-13 10:21:00	1347827	552.514	37.717	0.033	28.969
2015-06-13 10:22:00	1347828	674.084	38.705	0.035	29.012
2015-06-13 10:23:00	1347829	803.842	40.176	0.037	29.075
2015-06-13 10:24:00	1347830	750.524	42.197	0.038	29.213
2015-06-13 10:25:00	1347831	610.292	43.291	0.037	29.367
2015-06-13 10:26:00	1347832	574.345	43.120	0.032	29.474
2015-06-13 10:27:00	1347833	523.620	43.210	0.033	29.581
2015-06-13 10:28:00	1347834	533.634	43.254	0.032	29.687
2015-06-13 10:29:00	1347835	559.065	43.325	0.033	29.770
2015-06-13 10:30:00	1347836	622.237	43.465	0.035	29.803
2015-06-13 10:31:00	1347837	688.846	43.281	0.035	29.760
2015-06-13 10:32:00	1347838	688.062	43.647	0.036	29.732
2015-06-13 10:33:00	1347839	565.183	43.666	0.033	29.736
2015-06-13 10:34:00	1347840	566.493	43.715	0.032	29.767
2015-06-13 10:35:00	1347841	584.496	43.782	0.035	29.799
2015-06-13 10:36:00	1347842	580.029	43.583	0.035	29.789
2015-06-13 10:37:00	1347843	546.243	42.853	0.033	29.725
2015-06-13 10:38:00	1347844	585.451	43.013	0.034	29.769
2015-06-13 10:39:00	1347845	585.734	43.387	0.033	29.827
2015-06-13 10:40:00	1347846	723.741	43.420	0.036	29.826
2015-06-13 10:41:00	1347847	765.404	44.354	0.037	29.874
2015-06-13 10:42:00	1347848	731.990	44.961	0.036	29.915
2015-06-13 10:43:00	1347849	736.345	45.919	0.041	30.035
2015-06-13 10:44:00	1347850	606.742	46.031	0.033	30.124
2015-06-13 10:45:00	1347851	453.189	44.929	0.031	30.105
2015-06-13 10:46:00	1347852	474.332	43.731	0.032	30.047
2015-06-13 10:47:00	1347853	485.428	43.054	0.032	29.968
2015-06-13 10:48:00	1347854	503.726	42.746	0.032	29.959
2015-06-13 10:49:00	1347855	546.969	42.503	0.032	29.985
2015-06-13 10:50:00	1347856	520.069	42.258	0.031	29.967
2015-06-13 10:51:00	1347857	734.427	41.882	0.040	29.892
2015-06-13 10:52:00	1347858	696.777	42.615	0.034	29.855
2015-06-13 10:53:00	1347859	567.209	43.079	0.034	29.890
2015-06-13 10:54:00	1347860	700.854	43.048	0.033	29.924
2015-06-13 10:55:00	1347861	698.681	43.503	0.034	29.967
2015-06-13 10:56:00	1347862	679.624	44.062	0.034	30.018
2015-06-13 10:57:00	1347863	445.959	43.857	0.028	30.071
2015-06-13 10:58:00	1347864	475.669	42.729	0.029	30.055
2015-06-13 10:59:00	1347865	425.562	41.618	0.032	30.038
2015-06-13 11:00:00	1347866	316.983	40.731	0.028	30.010
2015-06-13 11:01:00	1347867	292.278	39.462	0.032	29.942
2015-06-13 11:02:00	1347868	298.150	38.128	0.027	29.871
2015-06-13 11:03:00	1347869	326.851	37.323	0.028	29.810
2015-06-13 11:04:00	1347870	449.931	36.961	0.030	29.749
2015-06-13 11:05:00	1347871	768.244	37.809	0.030	29.709
2015-06-13 11:06:00	1347872	845.550	39.756	0.041	29.712
2015-06-13 11:07:00	1347873	680.856	40.675	0.034	29.691
2015-06-13 11:08:00	1347874	580.273	40.925	0.031	29.698
2015-06-13 11:09:00	1347875	617.578	41.123	0.035	29.729
2015-06-13 11:10:00	1347876	618.832	41.448	0.033	29.756
2015-06-13 11:11:00	1347877	596.740	41.746	0.035	29.811
2015-06-13 11:12:00	1347878	619.626	41.842	0.031	29.825
2015-06-13 11:13:00	1347879	716.882	41.620	0.035	29.780
2015-06-13 11:14:00	1347880	813.208	42.523	0.039	29.789
2015-06-13 11:15:00	1347881	920.848	44.590	0.042	29.910
2015-06-13 11:16:00	1347882	928.651	46.446	0.043	30.065
2015-06-13 11:17:00	1347883	922.634	47.837	0.044	30.200
2015-06-13 11:18:00	1347884	928.508	48.333	0.042	30.256
2015-06-13 11:19:00	1347885	935.772	48.411	0.043	30.252
2015-06-13 11:20:00	1347886	917.771	48.583	0.047	30.273
2015-06-13 11:21:00	1347887	940.332	48.500	0.046	30.263
2015-06-13 11:22:00	1347888	933.305	48.419	0.047	30.218
2015-06-13 11:23:00	1347889	923.235	48.247	0.042	30.194
2015-06-13 11:24:00	1347890	925.613	48.022	0.037	30.168
2015-06-13 11:25:00	1347891	863.389	47.908	0.040	30.101
2015-06-13 11:26:00	1347892	834.738	47.290	0.039	30.064
2015-06-13 11:27:00	1347893	946.553	46.788	0.045	30.038
2015-06-13 11:28:00	1347894	938.457	47.370	0.044	30.074
2015-06-13 11:29:00	1347895	869.258	48.458	0.040	30.231
2015-06-13 11:30:00	1347896	939.244	49.276	0.039	30.391
2015-06-13 11:31:00	1347897	913.921	50.361	0.045	30.524
2015-06-13 11:32:00	1347898	946.075	50.608	0.042	30.630
2015-06-13 11:33:00	1347899	965.097	51.033	0.046	30.722
2015-06-13 11:34:00	1347900	946.057	51.462	0.039	30.800
2015-06-13 11:35:00	1347901	923.770	51.350	0.044	30.852
2015-06-13 11:36:00	1347902	808.399	50.620	0.037	30.894
2015-06-13 11:37:00	1347903	846.158	50.365	0.040	30.929
2015-06-13 11:38:00	1347904	941.085	50.967	0.049	31.036
2015-06-13 11:39:00	1347905	954.702	50.999	0.049	31.078
2015-06-13 11:40:00	1347906	947.932	51.528	0.044	31.153
2015-06-13 11:41:00	1347907	943.897	52.361	0.044	31.291
2015-06-13 11:42:00	1347908	938.322	53.147	0.042	31.442
2015-06-13 11:43:00	1347909	927.553	53.591	0.043	31.565
2015-06-13 11:44:00	1347910	921.553	52.142	0.045	31.446
2015-06-13 11:45:00	1347911	897.801	51.250	0.043	31.331
2015-06-13 11:46:00	1347912	835.620	49.826	0.040	31.169
2015-06-13 11:47:00	1347913	889.525	48.547	0.042	31.038
2015-06-13 11:48:00	1347914	901.270	48.566	0.044	30.944
2015-06-13 11:49:00	1347915	903.919	48.900	0.044	30.944
2015-06-13 11:50:00	1347916	891.566	49.277	0.039	30.968
2015-06-13 11:51:00	1347917	904.484	49.104	0.045	30.955
2015-06-13 11:52:00	1347918	881.343	49.042	0.044	30.914
2015-06-13 11:53:00	1347919	875.042	48.629	0.033	30.853
2015-06-13 11:54:00	1347920	848.617	48.651	0.043	30.860
2015-06-13 11:55:00	1347921	865.184	48.682	0.036	30.899
2015-06-13 11:56:00	1347922	831.046	47.898	0.040	30.890
2015-06-13 11:57:00	1347923	852.910	47.929	0.039	30.893
2015-06-13 11:58:00	1347924	827.219	47.517	0.039	30.885
2015-06-13 11:59:00	1347925	897.074	47.194	0.041	30.836
2015-06-13 12:00:00	1347926	922.064	46.946	0.044	30.767
2015-06-13 12:01:00	1347927	909.113	46.900	0.045	30.643
2015-06-13 12:02:00	1347928	915.717	47.053	0.043	30.582
2015-06-13 12:03:00	1347929	726.890	47.561	0.038	30.647
2015-06-13 12:04:00	1347930	847.984	47.949	0.039	30.743
2015-06-13 12:05:00	1347931	909.237	47.957	0.042	30.810
2015-06-13 12:06:00	1347932	907.771	48.094	0.043	30.872
2015-06-13 12:07:00	1347933	912.145	48.417	0.043	30.892
2015-06-13 12:08:00	1347934	913.127	48.647	0.043	30.914
2015-06-13 12:09:00	1347935	907.839	48.790	0.043	30.881
2015-06-13 12:10:00	1347936	925.297	49.350	0.043	30.922
2015-06-13 12:11:00	1347937	927.671	49.150	0.043	30.984
2015-06-13 12:12:00	1347938	929.689	49.832	0.043	31.102
2015-06-13 12:13:00	1347939	940.039	50.745	0.044	31.219
2015-06-13 12:14:00	1347940	949.994	51.797	0.043	31.351
2015-06-13 12:15:00	1347941	988.957	52.231	0.044	31.460
2015-06-13 12:16:00	1347942	1032.048	52.747	0.038	31.566
2015-06-13 12:17:00	1347943	1041.302	52.831	0.038	31.625
2015-06-13 12:18:00	1347944	842.418	52.724	0.041	31.681
2015-06-13 12:19:00	1347945	662.409	50.857	0.033	31.581
2015-06-13 12:20:00	1347946	553.687	48.585	0.031	31.447
2015-06-13 12:21:00	1347947	562.671	46.195	0.032	31.315
2015-06-13 12:22:00	1347948	571.792	44.632	0.031	31.190
2015-06-13 12:23:00	1347949	561.964	43.578	0.033	31.049
2015-06-13 12:24:00	1347950	518.509	42.474	0.032	30.903
2015-06-13 12:25:00	1347951	524.826	41.672	0.033	30.770
2015-06-13 12:26:00	1347952	569.991	41.447	0.032	30.679
2015-06-13 12:27:00	1347953	604.862	41.556	0.034	30.630
2015-06-13 12:28:00	1347954	626.769	41.648	0.034	30.618
2015-06-13 12:29:00	1347955	682.614	41.742	0.035	30.570
2015-06-13 12:30:00	1347956	612.756	41.704	0.032	30.533
2015-06-13 12:31:00	1347957	633.154	41.721	0.033	30.533
2015-06-13 12:32:00	1347958	624.433	41.804	0.033	30.532
2015-06-13 12:33:00	1347959	637.955	41.563	0.034	30.540
2015-06-13 12:34:00	1347960	653.081	41.779	0.032	30.564
2015-06-13 12:35:00	1347961	658.459	41.878	0.034	30.585
2015-06-13 12:36:00	1347962	672.188	42.306	0.033	30.629
2015-06-13 12:37:00	1347963	684.744	43.316	0.034	30.750
2015-06-13 12:38:00	1347964	721.462	43.319	0.036	30.795
2015-06-13 12:39:00	1347965	543.332	42.433	0.030	30.710
2015-06-13 12:40:00	1347966	763.210	42.183	0.034	30.617
2015-06-13 12:41:00	1347967	933.204	43.246	0.040	30.613
2015-06-13 12:42:00	1347968	886.162	44.560	0.039	30.668
2015-06-13 12:43:00	1347969	715.089	44.413	0.037	30.689
2015-06-13 12:44:00	1347970	669.092	44.182	0.033	30.704
2015-06-13 12:45:00	1347971	653.718	44.680	0.036	30.807
2015-06-13 12:46:00	1347972	674.076	44.739	0.036	30.923
2015-06-13 12:47:00	1347973	488.941	43.817	0.030	30.959
2015-06-13 12:48:00	1347974	431.521	42.532	0.033	30.998
2015-06-13 12:49:00	1347975	458.327	41.719	0.031	31.009
2015-06-13 12:50:00	1347976	500.635	41.107	0.034	30.947
2015-06-13 12:51:00	1347977	591.128	41.880	0.028	30.970
2015-06-13 12:52:00	1347978	575.782	42.854	0.033	31.081
2015-06-13 12:53:00	1347979	554.965	43.153	0.032	31.163
2015-06-13 12:54:00	1347980	548.213	43.208	0.031	31.250
2015-06-13 12:55:00	1347981	560.500	43.524	0.032	31.362
2015-06-13 12:56:00	1347982	604.982	44.136	0.031	31.465
2015-06-13 12:57:00	1347983	626.423	44.419	0.033	31.521
2015-06-13 12:58:00	1347984	764.363	44.984	0.036	31.549
2015-06-13 12:59:00	1347985	934.050	46.140	0.048	31.586
2015-06-13 13:00:00	1347986	991.449	47.686	0.043	31.627
2015-06-13 13:01:00	1347987	911.750	48.861	0.042	31.687
2015-06-13 13:02:00	1347988	786.782	48.905	0.037	31.668
2015-06-13 13:03:00	1347989	705.170	48.417	0.033	31.645
2015-06-13 13:04:00	1347990	723.665	47.579	0.037	31.558
2015-06-13 13:05:00	1347991	920.787	47.906	0.039	31.550
2015-06-13 13:06:00	1347992	946.662	48.607	0.043	31.572
2015-06-13 13:07:00	1347993	895.288	48.233	0.040	31.459
2015-06-13 13:08:00	1347994	825.577	48.273	0.036	31.457
2015-06-13 13:09:00	1347995	887.002	48.609	0.042	31.511
2015-06-13 13:10:00	1347996	812.919	48.121	0.037	31.444
2015-06-13 13:11:00	1347997	817.886	48.262	0.036	31.413
2015-06-13 13:12:00	1347998	850.206	47.694	0.038	31.370
2015-06-13 13:13:00	1347999	1017.306	48.127	0.047	31.296
2015-06-13 13:14:00	1348000	1162.943	49.120	0.050	31.221
2015-06-13 13:15:00	1348001	1112.634	50.391	0.049	31.257
2015-06-13 13:16:00	1348002	1180.478	50.955	0.051	31.273
2015-06-13 13:17:00	1348003	1055.832	52.146	0.047	31.369
2015-06-13 13:18:00	1348004	950.269	52.950	0.042	31.539
2015-06-13 13:19:00	1348005	1132.332	53.127	0.047	31.653
2015-06-13 13:20:00	1348006	1242.532	54.125	0.053	31.759
2015-06-13 13:21:00	1348007	1083.773	54.721	0.047	31.795
2015-06-13 13:22:00	1348008	925.632	54.661	0.041	31.851
2015-06-13 13:23:00	1348009	885.265	53.776	0.043	31.890
2015-06-13 13:24:00	1348010	857.530	53.550	0.042	31.915
2015-06-13 13:25:00	1348011	767.432	52.770	0.036	31.970
2015-06-13 13:26:00	1348012	787.580	51.916	0.037	31.910
2015-06-13 13:27:00	1348013	674.574	50.959	0.034	31.851
2015-06-13 13:28:00	1348014	632.289	49.190	0.031	31.774
2015-06-13 13:29:00	1348015	591.411	47.449	0.036	31.661
2015-06-13 13:30:00	1348016	576.353	45.993	0.033	31.526
2015-06-13 13:31:00	1348017	592.502	45.189	0.031	31.445
2015-06-13 13:32:00	1348018	583.615	44.515	0.032	31.376
2015-06-13 13:33:00	1348019	553.058	44.353	0.031	31.278
2015-06-13 13:34:00	1348020	544.560	44.658	0.031	31.329
2015-06-13 13:35:00	1348021	548.583	44.217	0.032	31.391
2015-06-13 13:36:00	1348022	559.491	43.866	0.031	31.384
2015-06-13 13:37:00	1348023	575.745	43.614	0.031	31.403
2015-06-13 13:38:00	1348024	620.306	43.577	0.035	31.395
2015-06-13 13:39:00	1348025	744.654	43.952	0.035	31.417
2015-06-13 13:40:00	1348026	821.094	45.101	0.037	31.484
2015-06-13 13:41:00	1348027	800.673	46.169	0.038	31.564
2015-06-13 13:42:00	1348028	913.444	47.238	0.040	31.673
2015-06-13 13:43:00	1348029	842.292	47.660	0.038	31.622
2015-06-13 13:44:00	1348030	886.078	48.132	0.041	31.615
2015-06-13 13:45:00	1348031	1052.116	49.040	0.046	31.670
2015-06-13 13:46:00	1348032	915.077	50.243	0.041	31.739
2015-06-13 13:47:00	1348033	706.470	50.211	0.036	31.796
2015-06-13 13:48:00	1348034	654.874	49.099	0.033	31.791
2015-06-13 13:49:00	1348035	599.626	48.622	0.033	31.845
2015-06-13 13:50:00	1348036	578.979	48.572	0.032	31.999
2015-06-13 13:51:00	1348037	570.301	47.197	0.032	32.014
2015-06-13 13:52:00	1348038	567.433	45.919	0.031	31.843
2015-06-13 13:53:00	1348039	568.854	45.272	0.031	31.714
2015-06-13 13:54:00	1348040	580.568	44.843	0.031	31.708
2015-06-13 13:55:00	1348041	644.266	45.095	0.033	31.807
2015-06-13 13:56:00	1348042	616.683	44.892	0.036	31.814
2015-06-13 13:57:00	1348043	614.977	44.541	0.033	31.713
2015-06-13 13:58:00	1348044	529.979	44.028	0.032	31.612
2015-06-13 13:59:00	1348045	557.241	43.356	0.030	31.520
2015-06-13 14:00:00	1348046	573.353	42.820	0.033	31.441
2015-06-13 14:01:00	1348047	544.788	42.634	0.030	31.451
2015-06-13 14:02:00	1348048	544.359	42.483	0.031	31.456
2015-06-13 14:03:00	1348049	551.003	42.999	0.031	31.525
2015-06-13 14:04:00	1348050	557.386	43.359	0.032	31.620
2015-06-13 14:05:00	1348051	566.272	43.679	0.031	31.718
2015-06-13 14:06:00	1348052	546.361	44.096	0.031	31.814
2015-06-13 14:07:00	1348053	527.773	43.919	0.029	31.850
2015-06-13 14:08:00	1348054	511.926	43.837	0.030	31.873
2015-06-13 14:09:00	1348055	499.208	43.920	0.031	31.939
2015-06-13 14:10:00	1348056	490.613	44.137	0.030	32.038
2015-06-13 14:11:00	1348057	482.888	43.896	0.031	32.063
2015-06-13 14:12:00	1348058	474.716	43.770	0.029	32.072
2015-06-13 14:13:00	1348059	469.765	43.531	0.029	32.107
2015-06-13 14:14:00	1348060	468.238	43.247	0.030	32.116
2015-06-13 14:15:00	1348061	465.322	43.192	0.031	32.113
2015-06-13 14:16:00	1348062	460.446	43.066	0.030	32.127
2015-06-13 14:17:00	1348063	452.112	42.435	0.031	32.046
2015-06-13 14:18:00	1348064	441.658	41.846	0.028	31.890
2015-06-13 14:19:00	1348065	431.679	41.649	0.028	31.758
2015-06-13 14:20:00	1348066	418.281	41.766	0.030	31.751
2015-06-13 14:21:00	1348067	406.229	41.879	0.029	31.819
2015-06-13 14:22:00	1348068	397.397	41.853	0.031	31.897
2015-06-13 14:23:00	1348069	390.826	41.417	0.028	31.865
2015-06-13 14:24:00	1348070	384.911	40.944	0.029	31.802
2015-06-13 14:25:00	1348071	378.475	40.452	0.028	31.715
2015-06-13 14:26:00	1348072	373.816	40.334	0.028	31.675
2015-06-13 14:27:00	1348073	371.747	40.087	0.027	31.653
2015-06-13 14:28:00	1348074	375.404	39.984	0.028	31.618
2015-06-13 14:29:00	1348075	380.067	39.711	0.028	31.578
2015-06-13 14:30:00	1348076	380.591	38.974	0.028	31.426
2015-06-13 14:31:00	1348077	377.727	38.353	0.027	31.230
2015-06-13 14:32:00	1348078	377.460	37.983	0.029	31.065
2015-06-13 14:33:00	1348079	376.889	38.071	0.028	30.987
2015-06-13 14:34:00	1348080	372.439	38.147	0.030	30.972
2015-06-13 14:35:00	1348081	360.962	37.832	0.027	30.914
2015-06-13 14:36:00	1348082	344.032	37.791	0.028	30.886
2015-06-13 14:37:00	1348083	326.823	37.565	0.029	30.833
2015-06-13 14:38:00	1348084	319.346	37.372	0.027	30.798
2015-06-13 14:39:00	1348085	318.081	36.969	0.027	30.746
2015-06-13 14:40:00	1348086	314.047	36.810	0.029	30.701
2015-06-13 14:41:00	1348087	306.751	36.523	0.026	30.642
2015-06-13 14:42:00	1348088	303.304	36.638	0.029	30.662
2015-06-13 14:43:00	1348089	305.115	36.496	0.029	30.686
2015-06-13 14:44:00	1348090	309.697	36.313	0.028	30.663
2015-06-13 14:45:00	1348091	312.156	36.470	0.029	30.666
2015-06-13 14:46:00	1348092	313.023	36.301	0.028	30.645
2015-06-13 14:47:00	1348093	314.716	36.139	0.029	30.599
2015-06-13 14:48:00	1348094	318.946	36.128	0.027	30.551
2015-06-13 14:49:00	1348095	326.150	35.997	0.029	30.534
2015-06-13 14:50:00	1348096	331.063	35.976	0.028	30.524
2015-06-13 14:51:00	1348097	332.289	36.243	0.028	30.550
2015-06-13 14:52:00	1348098	333.081	36.115	0.029	30.542
2015-06-13 14:53:00	1348099	334.423	36.016	0.027	30.476
2015-06-13 14:54:00	1348100	337.456	35.823	0.027	30.418
2015-06-13 14:55:00	1348101	338.901	36.258	0.029	30.466
2015-06-13 14:56:00	1348102	334.634	36.692	0.027	30.574
2015-06-13 14:57:00	1348103	328.025	36.551	0.027	30.598
2015-06-13 14:58:00	1348104	322.013	35.910	0.028	30.530
2015-06-13 14:59:00	1348105	316.911	35.439	0.026	30.446
2015-06-13 15:00:00	1348106	310.937	35.580	0.028	30.439
2015-06-13 15:01:00	1348107	304.556	35.523	0.028	30.418
2015-06-13 15:02:00	1348108	298.418	35.630	0.026	30.419
2015-06-13 15:03:00	1348109	293.012	35.414	0.028	30.434
2015-06-13 15:04:00	1348110	286.318	35.435	0.027	30.404
2015-06-13 15:05:00	1348111	282.470	35.644	0.029	30.418
2015-06-13 15:06:00	1348112	280.328	35.604	0.028	30.460
2015-06-13 15:07:00	1348113	278.579	35.219	0.026	30.456
2015-06-13 15:08:00	1348114	275.654	35.008	0.027	30.421
2015-06-13 15:09:00	1348115	272.227	34.818	0.027	30.398
2015-06-13 15:10:00	1348116	268.050	34.688	0.029	30.357
2015-06-13 15:11:00	1348117	262.408	34.449	0.026	30.306
2015-06-13 15:12:00	1348118	254.919	34.456	0.026	30.298
2015-06-13 15:13:00	1348119	245.150	34.302	0.028	30.306
2015-06-13 15:14:00	1348120	233.884	34.246	0.023	30.320
2015-06-13 15:15:00	1348121	222.896	34.035	0.027	30.271
2015-06-13 15:16:00	1348122	212.785	33.689	0.027	30.227
2015-06-13 15:17:00	1348123	204.544	33.251	0.027	30.155
2015-06-13 15:18:00	1348124	199.125	33.083	0.025	30.094
2015-06-13 15:19:00	1348125	195.401	32.766	0.025	30.059
2015-06-13 15:20:00	1348126	192.788	32.550	0.025	29.996
2015-06-13 15:21:00	1348127	191.082	32.556	0.026	29.959
2015-06-13 15:22:00	1348128	189.883	32.719	0.026	30.001
2015-06-13 15:23:00	1348129	188.718	32.780	0.027	30.049
2015-06-13 15:24:00	1348130	187.423	32.915	0.026	30.120
2015-06-13 15:25:00	1348131	186.174	32.848	0.026	30.149
2015-06-13 15:26:00	1348132	184.132	32.832	0.025	30.144
2015-06-13 15:27:00	1348133	181.000	32.981	0.025	30.186
2015-06-13 15:28:00	1348134	177.926	32.996	0.025	30.225
2015-06-13 15:29:00	1348135	175.369	32.554	0.026	30.160
2015-06-13 15:30:00	1348136	175.101	32.408	0.021	30.105
2015-06-13 15:31:00	1348137	176.177	32.314	0.020	30.066
2015-06-13 15:32:00	1348138	179.349	32.177	0.026	29.993
2015-06-13 15:33:00	1348139	183.611	32.159	0.026	29.989
2015-06-13 15:34:00	1348140	188.179	32.105	0.025	29.964
2015-06-13 15:35:00	1348141	194.252	32.189	0.026	29.950
2015-06-13 15:36:00	1348142	202.046	32.149	0.027	29.924
2015-06-13 15:37:00	1348143	208.101	32.240	0.026	29.904
2015-06-13 15:38:00	1348144	214.689	32.490	0.026	29.921
2015-06-13 15:39:00	1348145	224.705	32.769	0.026	29.960
2015-06-13 15:40:00	1348146	234.448	32.717	0.028	29.951
2015-06-13 15:41:00	1348147	244.084	32.729	0.028	29.925
2015-06-13 15:42:00	1348148	254.658	32.933	0.026	29.923
2015-06-13 15:43:00	1348149	261.869	32.965	0.029	29.880
2015-06-13 15:44:00	1348150	270.061	32.925	0.025	29.844
2015-06-13 15:45:00	1348151	276.004	33.084	0.026	29.823
2015-06-13 15:46:00	1348152	280.340	33.344	0.028	29.824
2015-06-13 15:47:00	1348153	280.965	33.524	0.025	29.831
2015-06-13 15:48:00	1348154	278.211	33.857	0.028	29.875
2015-06-13 15:49:00	1348155	273.936	33.894	0.025	29.883
2015-06-13 15:50:00	1348156	267.709	33.801	0.029	29.865
2015-06-13 15:51:00	1348157	259.987	33.772	0.024	29.844
2015-06-13 15:52:00	1348158	252.655	33.935	0.026	29.892
2015-06-13 15:53:00	1348159	247.811	33.808	0.026	29.933
2015-06-13 15:54:00	1348160	245.170	33.920	0.027	29.970
2015-06-13 15:55:00	1348161	245.132	34.019	0.027	30.010
2015-06-13 15:56:00	1348162	246.063	34.005	0.026	30.036
2015-06-13 15:57:00	1348163	244.226	34.018	0.026	30.006
2015-06-13 15:58:00	1348164	234.252	34.008	0.025	30.002
2015-06-13 15:59:00	1348165	219.515	33.916	0.027	30.015
2015-06-13 16:00:00	1348166	207.090	33.404	0.025	29.970
2015-06-13 16:01:00	1348167	198.658	32.944	0.026	29.899
2015-06-13 16:02:00	1348168	192.688	32.696	0.025	29.865
2015-06-13 16:03:00	1348169	188.309	32.439	0.024	29.832
2015-06-13 16:04:00	1348170	184.674	32.124	0.026	29.789
2015-06-13 16:05:00	1348171	181.709	31.975	0.022	29.748
2015-06-13 16:06:00	1348172	178.196	31.843	0.026	29.712
2015-06-13 16:07:00	1348173	174.141	31.710	0.027	29.668
2015-06-13 16:08:00	1348174	170.349	31.660	0.024	29.647
2015-06-13 16:09:00	1348175	166.682	31.702	0.029	29.649
2015-06-13 16:10:00	1348176	163.461	31.761	0.027	29.667
2015-06-13 16:11:00	1348177	160.793	31.610	0.026	29.665
2015-06-13 16:12:00	1348178	158.684	31.526	0.025	29.652
2015-06-13 16:13:00	1348179	156.854	31.452	0.024	29.655
2015-06-13 16:14:00	1348180	155.156	31.261	0.024	29.629
2015-06-13 16:15:00	1348181	153.759	31.112	0.025	29.594
2015-06-13 16:16:00	1348182	152.557	31.081	0.026	29.591
2015-06-13 16:17:00	1348183	151.623	31.065	0.027	29.588
2015-06-13 16:18:00	1348184	151.279	30.946	0.023	29.557
2015-06-13 16:19:00	1348185	150.936	30.855	0.024	29.538
2015-06-13 16:20:00	1348186	150.099	30.772	0.025	29.510
2015-06-13 16:21:00	1348187	148.419	30.821	0.027	29.497
2015-06-13 16:22:00	1348188	146.990	30.787	0.025	29.513
2015-06-13 16:23:00	1348189	146.153	30.732	0.025	29.489
2015-06-13 16:24:00	1348190	146.404	30.768	0.024	29.488
2015-06-13 16:25:00	1348191	148.403	30.906	0.024	29.494
2015-06-13 16:26:00	1348192	152.207	30.880	0.026	29.507
2015-06-13 16:27:00	1348193	156.716	30.936	0.024	29.501
2015-06-13 16:28:00	1348194	161.152	31.054	0.025	29.493
2015-06-13 16:29:00	1348195	163.715	31.077	0.024	29.491
2015-06-13 16:30:00	1348196	163.601	31.056	0.024	29.484
2015-06-13 16:31:00	1348197	165.823	31.054	0.026	29.484
2015-06-13 16:32:00	1348198	174.224	31.120	0.025	29.497
2015-06-13 16:33:00	1348199	182.262	31.261	0.026	29.507
2015-06-13 16:34:00	1348200	184.742	31.544	0.025	29.548
2015-06-13 16:35:00	1348201	182.801	31.705	0.027	29.588
2015-06-13 16:36:00	1348202	180.271	31.954	0.026	29.643
2015-06-13 16:37:00	1348203	177.988	32.151	0.028	29.695
2015-06-13 16:38:00	1348204	177.939	32.107	0.032	29.703
2015-06-13 16:39:00	1348205	179.177	32.092	0.022	29.690
2015-06-13 16:40:00	1348206	179.863	32.185	0.030	29.704
2015-06-13 16:41:00	1348207	181.582	32.031	0.026	29.698
2015-06-13 16:42:00	1348208	183.275	31.972	0.025	29.680
2015-06-13 16:43:00	1348209	182.293	32.005	0.024	29.656
2015-06-13 16:44:00	1348210	180.466	32.142	0.025	29.660
2015-06-13 16:45:00	1348211	178.708	32.192	0.027	29.683
2015-06-13 16:46:00	1348212	175.671	32.275	0.024	29.712
2015-06-13 16:47:00	1348213	171.787	32.208	0.025	29.720
2015-06-13 16:48:00	1348214	166.955	31.939	0.026	29.697
2015-06-13 16:49:00	1348215	160.387	31.890	0.026	29.678
2015-06-13 16:50:00	1348216	154.011	31.895	0.025	29.705
2015-06-13 16:51:00	1348217	146.675	31.835	0.026	29.735
2015-06-13 16:52:00	1348218	139.608	31.845	0.025	29.760
2015-06-13 16:53:00	1348219	133.651	31.824	0.026	29.798
2015-06-13 16:54:00	1348220	128.518	31.811	0.027	29.820
2015-06-13 16:55:00	1348221	125.907	31.619	0.025	29.807
2015-06-13 16:56:00	1348222	125.551	31.438	0.024	29.778
2015-06-13 16:57:00	1348223	125.415	31.335	0.027	29.749
2015-06-13 16:58:00	1348224	124.540	31.215	0.025	29.726
2015-06-13 16:59:00	1348225	122.982	31.103	0.021	29.718
2015-06-13 17:00:00	1348226	122.000	31.131	0.025	29.732
2015-06-13 17:01:00	1348227	123.586	31.192	0.024	29.751
2015-06-13 17:02:00	1348228	125.023	31.113	0.023	29.724
2015-06-13 17:03:00	1348229	124.643	31.073	0.025	29.689
2015-06-13 17:04:00	1348230	124.272	31.060	0.025	29.677
2015-06-13 17:05:00	1348231	124.584	31.016	0.025	29.689
2015-06-13 17:06:00	1348232	126.026	31.016	0.029	29.713
2015-06-13 17:07:00	1348233	128.848	30.982	0.024	29.724
2015-06-13 17:08:00	1348234	131.540	30.861	0.026	29.692
2015-06-13 17:09:00	1348235	133.458	30.851	0.026	29.677
2015-06-13 17:10:00	1348236	133.539	30.870	0.025	29.677
2015-06-13 17:11:00	1348237	132.375	30.932	0.023	29.696
2015-06-13 17:12:00	1348238	131.144	31.101	0.018	29.737
2015-06-13 17:13:00	1348239	130.078	31.209	0.024	29.785
2015-06-13 17:14:00	1348240	129.994	31.222	0.024	29.807
2015-06-13 17:15:00	1348241	130.405	31.225	0.025	29.824
2015-06-13 17:16:00	1348242	130.600	31.257	0.023	29.841
2015-06-13 17:17:00	1348243	129.724	31.327	0.026	29.872
2015-06-13 17:18:00	1348244	128.242	31.412	0.025	29.894
2015-06-13 17:19:00	1348245	126.354	31.377	0.024	29.902
2015-06-13 17:20:00	1348246	124.785	31.368	0.023	29.903
2015-06-13 17:21:00	1348247	123.322	31.456	0.023	29.932
2015-06-13 17:22:00	1348248	121.794	31.484	0.021	29.936
2015-06-13 17:23:00	1348249	120.084	31.330	0.024	29.929
2015-06-13 17:24:00	1348250	118.293	31.141	0.023	29.893
2015-06-13 17:25:00	1348251	116.124	30.921	0.026	29.834
2015-06-13 17:26:00	1348252	113.607	30.736	0.025	29.785
2015-06-13 17:27:00	1348253	110.622	30.577	0.024	29.738
2015-06-13 17:28:00	1348254	107.691	30.475	0.024	29.695
2015-06-13 17:29:00	1348255	105.006	30.372	0.024	29.661
2015-06-13 17:30:00	1348256	102.631	30.348	0.023	29.656
2015-06-13 17:31:00	1348257	100.646	30.386	0.024	29.665
2015-06-13 17:32:00	1348258	98.982	30.302	0.022	29.671
2015-06-13 17:33:00	1348259	97.593	30.301	0.023	29.684
2015-06-13 17:34:00	1348260	96.536	30.348	0.024	29.714
2015-06-13 17:35:00	1348261	95.583	30.336	0.025	29.732
2015-06-13 17:36:00	1348262	94.680	30.404	0.026	29.766
2015-06-13 17:37:00	1348263	94.108	30.478	0.022	29.815
2015-06-13 17:38:00	1348264	93.182	30.524	0.024	29.850
2015-06-13 17:39:00	1348265	92.316	30.494	0.019	29.856
2015-06-13 17:40:00	1348266	91.168	30.444	0.021	29.849
2015-06-13 17:41:00	1348267	90.341	30.396	0.023	29.841
2015-06-13 17:42:00	1348268	89.557	30.311	0.024	29.818
2015-06-13 17:43:00	1348269	88.936	30.274	0.022	29.799
2015-06-13 17:44:00	1348270	88.216	30.297	0.025	29.803
2015-06-13 17:45:00	1348271	87.682	30.283	0.025	29.801
2015-06-13 17:46:00	1348272	87.088	30.329	0.025	29.819
2015-06-13 17:47:00	1348273	86.735	30.344	0.022	29.857
2015-06-13 17:48:00	1348274	86.368	30.350	0.022	29.878
2015-06-13 17:49:00	1348275	86.140	30.322	0.024	29.871
2015-06-13 17:50:00	1348276	86.099	30.298	0.018	29.877
2015-06-13 17:51:00	1348277	85.900	30.215	0.024	29.856
2015-06-13 17:52:00	1348278	85.946	30.186	0.031	29.847
2015-06-13 17:53:00	1348279	86.540	30.147	0.026	29.839
2015-06-13 17:54:00	1348280	87.143	30.105	0.024	29.833
2015-06-13 17:55:00	1348281	87.663	30.110	0.025	29.822
2015-06-13 17:56:00	1348282	87.988	30.099	0.028	29.824
2015-06-13 17:57:00	1348283	88.206	30.088	0.023	29.811
2015-06-13 17:58:00	1348284	87.890	30.075	0.019	29.799
2015-06-13 17:59:00	1348285	86.815	30.032	0.026	29.786
2015-06-13 18:00:00	1348286	85.258	30.004	0.026	29.765
2015-06-13 18:01:00	1348287	83.378	30.010	0.024	29.773
2015-06-13 18:02:00	1348288	81.339	30.048	0.022	29.789
2015-06-13 18:03:00	1348289	79.242	30.065	0.024	29.812
2015-06-13 18:04:00	1348290	77.628	30.027	0.019	29.827
2015-06-13 18:05:00	1348291	76.143	30.031	0.026	29.845
2015-06-13 18:06:00	1348292	75.106	30.037	0.025	29.864
2015-06-13 18:07:00	1348293	74.183	29.973	0.023	29.845
2015-06-13 18:08:00	1348294	73.003	29.881	0.026	29.833
2015-06-13 18:09:00	1348295	71.654	29.865	0.023	29.821
2015-06-13 18:10:00	1348296	69.985	29.852	0.026	29.837
2015-06-13 18:11:00	1348297	68.410	29.794	0.024	29.832
2015-06-13 18:12:00	1348298	66.620	29.698	0.025	29.831
2015-06-13 18:13:00	1348299	65.071	29.587	0.018	29.804
2015-06-13 18:14:00	1348300	63.036	29.506	0.022	29.803
2015-06-13 18:15:00	1348301	61.165	29.456	0.020	29.784
2015-06-13 18:16:00	1348302	58.971	29.369	0.031	29.766
2015-06-13 18:17:00	1348303	57.249	29.296	0.024	29.754
2015-06-13 18:18:00	1348304	55.293	29.234	0.027	29.712
2015-06-13 18:19:00	1348305	53.404	29.194	0.027	29.705
2015-06-13 18:20:00	1348306	36.263	29.160	0.025	29.714
2015-06-13 18:21:00	1348307	45.948	29.142	0.023	29.727
2015-06-13 18:22:00	1348308	47.194	29.120	0.022	29.737
2015-06-13 18:23:00	1348309	45.177	29.073	0.022	29.747
2015-06-13 18:24:00	1348310	43.121	29.039	0.028	29.763
2015-06-13 18:25:00	1348311	41.646	28.996	0.022	29.778
2015-06-13 18:26:00	1348312	40.005	28.927	0.032	29.759
2015-06-13 18:27:00	1348313	38.887	28.874	0.024	29.746
2015-06-13 18:28:00	1348314	37.680	28.823	0.025	29.741
2015-06-13 18:29:00	1348315	36.559	28.756	0.023	29.727
2015-06-13 18:30:00	1348316	35.463	28.695	0.024	29.711
2015-06-13 18:31:00	1348317	34.364	28.644	0.024	29.703
2015-06-13 18:32:00	1348318	33.359	28.594	0.023	29.688
2015-06-13 18:33:00	1348319	32.199	28.542	0.027	29.676
2015-06-13 18:34:00	1348320	31.133	28.501	0.022	29.678
2015-06-13 18:35:00	1348321	30.023	28.455	0.024	29.673
2015-06-13 18:36:00	1348322	28.853	28.406	0.024	29.672
2015-06-13 18:37:00	1348323	27.681	28.351	0.024	29.673
2015-06-13 18:38:00	1348324	26.536	28.309	0.022	29.671
2015-06-13 18:39:00	1348325	25.297	28.274	0.024	29.669
2015-06-13 18:40:00	1348326	24.168	28.240	0.022	29.670
2015-06-13 18:41:00	1348327	22.959	28.192	0.024	29.658
2015-06-13 18:42:00	1348328	21.881	28.151	0.021	29.649
2015-06-13 18:43:00	1348329	20.770	28.104	0.023	29.644
2015-06-13 18:44:00	1348330	19.737	28.076	0.024	29.640
2015-06-13 18:45:00	1348331	18.774	28.039	0.024	29.635
2015-06-13 18:46:00	1348332	17.841	28.009	0.024	29.627
2015-06-13 18:47:00	1348333	16.946	27.980	0.024	29.612
2015-06-13 18:48:00	1348334	16.076	27.948	0.022	29.610
2015-06-13 18:49:00	1348335	15.175	27.921	0.024	29.609
2015-06-13 18:50:00	1348336	14.317	27.891	0.023	29.602
2015-06-13 18:51:00	1348337	13.433	27.855	0.022	29.589
2015-06-13 18:52:00	1348338	12.503	27.813	0.023	29.580
2015-06-13 18:53:00	1348339	11.557	27.765	0.025	29.584
2015-06-13 18:54:00	1348340	10.661	27.715	0.023	29.588
2015-06-13 18:55:00	1348341	9.737	27.657	0.022	29.595
2015-06-13 18:56:00	1348342	8.779	27.610	0.024	29.596
2015-06-13 18:57:00	1348343	7.879	27.566	0.023	29.583
2015-06-13 18:58:00	1348344	6.973	27.528	0.025	29.568
2015-06-13 18:59:00	1348345	6.076	27.499	0.026	29.567
2015-06-13 19:00:00	1348346	5.339	27.464	0.023	29.568
2015-06-13 19:01:00	1348347	4.576	27.409	0.025	29.571
2015-06-13 19:02:00	1348348	3.904	27.369	0.024	29.569
2015-06-13 19:03:00	1348349	3.295	27.331	0.022	29.572
2015-06-13 19:04:00	1348350	2.755	27.302	0.023	29.565
2015-06-13 19:05:00	1348351	2.268	27.263	0.023	29.551
2015-06-13 19:06:00	1348352	1.878	27.222	0.023	29.542
2015-06-13 19:07:00	1348353	1.574	27.200	0.023	29.536
2015-06-13 19:08:00	1348354	1.322	27.193	0.023	29.534
2015-06-13 19:09:00	1348355	1.116	27.186	0.023	29.533
2015-06-13 19:10:00	1348356	0.956	27.151	0.023	29.535
2015-06-13 19:11:00	1348357	0.814	27.136	0.023	29.535
2015-06-13 19:12:00	1348358	0.696	27.095	0.024	29.541
2015-06-13 19:13:00	1348359	0.613	27.045	0.023	29.553
2015-06-13 19:14:00	1348360	0.544	27.033	0.023	29.551
2015-06-13 19:15:00	1348361	0.437	27.017	0.023	29.554
2015-06-13 19:16:00	1348362	0.330	27.000	0.023	29.560
2015-06-13 19:17:00	1348363	0.302	26.986	0.022	29.557
2015-06-13 19:18:00	1348364	0.163	26.966	0.025	29.549
2015-06-13 19:19:00	1348365	0.106	26.954	0.023	29.535
2015-06-13 19:20:00	1348366	0.071	26.944	0.023	29.516
2015-06-13 19:21:00	1348367	0.010	26.941	0.022	29.511
2015-06-13 19:22:00	1348368	-0.074	26.944	0.026	29.497
2015-06-13 19:23:00	1348369	-0.073	26.957	0.023	29.486
2015-06-13 19:24:00	1348370	-0.077	26.984	0.021	29.479
2015-06-13 19:25:00	1348371	-0.134	26.978	0.023	29.466
2015-06-13 19:26:00	1348372	-0.136	26.959	0.023	29.455
2015-06-13 19:27:00	1348373	-0.152	26.972	0.023	29.446
2015-06-13 19:28:00	1348374	-0.150	26.997	0.023	29.415
2015-06-13 19:29:00	1348375	-0.149	26.982	0.022	29.394
2015-06-13 19:30:00	1348376	-0.167	26.965	0.023	29.365
2015-06-13 19:31:00	1348377	-0.155	26.965	0.023	29.331
2015-06-13 19:32:00	1348378	-0.177	26.953	0.025	29.305
2015-06-13 19:33:00	1348379	-0.184	26.952	0.024	29.281
2015-06-13 19:34:00	1348380	-0.171	26.947	0.023	29.261
2015-06-13 19:35:00	1348381	-0.185	26.927	0.023	29.240
2015-06-13 19:36:00	1348382	-0.161	26.910	0.023	29.228
2015-06-13 19:37:00	1348383	-0.185	26.891	0.024	29.213
2015-06-13 19:38:00	1348384	-0.160	26.856	0.023	29.207
2015-06-13 19:39:00	1348385	-0.181	26.838	0.023	29.202
2015-06-13 19:40:00	1348386	-0.179	26.837	0.023	29.209
2015-06-13 19:41:00	1348387	-0.175	26.862	0.024	29.198
2015-06-13 19:42:00	1348388	-0.173	26.861	0.024	29.195
2015-06-13 19:43:00	1348389	-0.199	26.833	0.023	29.189
2015-06-13 19:44:00	1348390	-0.172	26.828	0.023	29.177
2015-06-13 19:45:00	1348391	-0.164	26.810	0.022	29.163
2015-06-13 19:46:00	1348392	-0.198	26.795	0.024	29.152
2015-06-13 19:47:00	1348393	-0.167	26.791	0.023	29.142
2015-06-13 19:48:00	1348394	-0.230	26.757	0.024	29.143
2015-06-13 19:49:00	1348395	-0.238	26.730	0.024	29.126
2015-06-13 19:50:00	1348396	-0.241	26.716	0.026	29.105
2015-06-13 19:51:00	1348397	-0.183	26.693	0.024	29.098
2015-06-13 19:52:00	1348398	-0.186	26.700	0.021	29.075
2015-06-13 19:53:00	1348399	-0.177	26.705	0.023	29.054
2015-06-13 19:54:00	1348400	-0.174	26.707	0.024	29.026
2015-06-13 19:55:00	1348401	-0.199	26.696	0.023	28.996
2015-06-13 19:56:00	1348402	-0.167	26.671	0.023	28.997
2015-06-13 19:57:00	1348403	-0.161	26.691	0.022	28.970
2015-06-13 19:58:00	1348404	-0.177	26.694	0.022	28.972
2015-06-13 19:59:00	1348405	-0.199	26.710	0.022	28.960
2015-06-13 20:00:00	1348406	-0.174	26.695	0.022	28.962
2015-06-13 20:01:00	1348407	-0.170	26.677	0.022	28.974
2015-06-13 20:02:00	1348408	-0.145	26.683	0.023	28.954
2015-06-13 20:03:00	1348409	-0.191	26.643	0.023	28.957
2015-06-13 20:04:00	1348410	-0.207	26.622	0.024	28.942
2015-06-13 20:05:00	1348411	-0.186	26.558	0.023	28.946
2015-06-13 20:06:00	1348412	-0.128	26.462	0.021	28.963
2015-06-13 20:07:00	1348413	-0.199	26.449	0.022	28.958
2015-06-13 20:08:00	1348414	-0.101	26.440	0.016	28.958
2015-06-13 20:09:00	1348415	-0.197	26.448	0.024	28.949
2015-06-13 20:10:00	1348416	-0.147	26.453	0.021	28.954
2015-06-13 20:11:00	1348417	-0.231	26.463	0.027	28.958
2015-06-13 20:12:00	1348418	-0.181	26.472	0.022	28.977
2015-06-13 20:13:00	1348419	-0.203	26.502	0.024	28.962
2015-06-13 20:14:00	1348420	-0.201	26.476	0.025	28.973
2015-06-13 20:15:00	1348421	-0.206	26.472	0.023	28.965
2015-06-13 20:16:00	1348422	-0.160	26.471	0.023	28.948
2015-06-13 20:17:00	1348423	-0.207	26.437	0.024	28.944
2015-06-13 20:18:00	1348424	-0.140	26.447	0.021	28.903
2015-06-13 20:19:00	1348425	-0.192	26.468	0.025	28.895
2015-06-13 20:20:00	1348426	-0.160	26.480	0.021	28.893
2015-06-13 20:21:00	1348427	-0.167	26.470	0.021	28.896
2015-06-13 20:22:00	1348428	-0.192	26.469	0.024	28.898
2015-06-13 20:23:00	1348429	-0.170	26.470	0.022	28.892
2015-06-13 20:24:00	1348430	-0.182	26.446	0.024	28.897
2015-06-13 20:25:00	1348431	-0.174	26.429	0.022	28.897
2015-06-13 20:26:00	1348432	-0.192	26.426	0.023	28.894
2015-06-13 20:27:00	1348433	-0.159	26.410	0.023	28.893
2015-06-13 20:28:00	1348434	-0.155	26.411	0.021	28.895
2015-06-13 20:29:00	1348435	-0.162	26.398	0.025	28.894
2015-06-13 20:30:00	1348436	-0.172	26.397	0.023	28.889
2015-06-13 20:31:00	1348437	-0.186	26.418	0.024	28.890
2015-06-13 20:32:00	1348438	-0.170	26.484	0.023	28.887
2015-06-13 20:33:00	1348439	-0.182	26.526	0.023	28.875
2015-06-13 20:34:00	1348440	-0.202	26.512	0.024	28.868
2015-06-13 20:35:00	1348441	-0.153	26.527	0.022	28.863
2015-06-13 20:36:00	1348442	-0.167	26.533	0.023	28.859
2015-06-13 20:37:00	1348443	-0.171	26.536	0.023	28.856
2015-06-13 20:38:00	1348444	-0.164	26.531	0.024	28.857
2015-06-13 20:39:00	1348445	-0.172	26.534	0.023	28.862
2015-06-13 20:40:00	1348446	-0.191	26.537	0.025	28.864
2015-06-13 20:41:00	1348447	-0.156	26.532	0.021	28.868
2015-06-13 20:42:00	1348448	-0.207	26.537	0.025	28.864
2015-06-13 20:43:00	1348449	-0.129	26.543	0.022	28.859
2015-06-13 20:44:00	1348450	-0.176	26.548	0.023	28.855
2015-06-13 20:45:00	1348451	-0.176	26.563	0.022	28.853
2015-06-13 20:46:00	1348452	-0.186	26.577	0.022	28.853
2015-06-13 20:47:00	1348453	-0.164	26.597	0.022	28.855
2015-06-13 20:48:00	1348454	-0.180	26.600	0.022	28.864
2015-06-13 20:49:00	1348455	-0.152	26.598	0.021	28.864
2015-06-13 20:50:00	1348456	-0.187	26.616	0.023	28.852
2015-06-13 20:51:00	1348457	-0.185	26.638	0.024	28.838
2015-06-13 20:52:00	1348458	-0.179	26.662	0.024	28.831
2015-06-13 20:53:00	1348459	-0.171	26.694	0.023	28.820
2015-06-13 20:54:00	1348460	-0.172	26.700	0.022	28.814
2015-06-13 20:55:00	1348461	-0.176	26.704	0.024	28.803
2015-06-13 20:56:00	1348462	-0.179	26.696	0.023	28.793
2015-06-13 20:57:00	1348463	-0.159	26.689	0.021	28.785
2015-06-13 20:58:00	1348464	-0.190	26.651	0.024	28.785
2015-06-13 20:59:00	1348465	-0.164	26.642	0.023	28.782
2015-06-13 21:00:00	1348466	-0.180	26.637	0.021	28.781
2015-06-13 21:01:00	1348467	-0.193	26.616	0.025	28.783
2015-06-13 21:02:00	1348468	-0.146	26.628	0.022	28.782
2015-06-13 21:03:00	1348469	-0.172	26.655	0.022	28.780
2015-06-13 21:04:00	1348470	-0.173	26.687	0.023	28.780
2015-06-13 21:05:00	1348471	-0.157	26.690	0.022	28.782
2015-06-13 21:06:00	1348472	-0.181	26.707	0.024	28.786
2015-06-13 21:07:00	1348473	-0.192	26.728	0.024	28.788
2015-06-13 21:08:00	1348474	-0.186	26.733	0.023	28.797
2015-06-13 21:09:00	1348475	-0.178	26.719	0.023	28.806
2015-06-13 21:10:00	1348476	-0.175	26.695	0.023	28.808
2015-06-13 21:11:00	1348477	-0.189	26.663	0.024	28.814
2015-06-13 21:12:00	1348478	-0.183	26.642	0.023	28.829
2015-06-13 21:13:00	1348479	-0.143	26.632	0.022	28.839
2015-06-13 21:14:00	1348480	-0.186	26.641	0.024	28.837
2015-06-13 21:15:00	1348481	-0.196	26.654	0.022	28.827
2015-06-13 21:16:00	1348482	-0.187	26.641	0.025	28.820
2015-06-13 21:17:00	1348483	-0.169	26.589	0.023	28.814
2015-06-13 21:18:00	1348484	-0.160	26.568	0.022	28.813
2015-06-13 21:19:00	1348485	-0.178	26.581	0.023	28.812
2015-06-13 21:20:00	1348486	-0.156	26.574	0.022	28.805
2015-06-13 21:21:00	1348487	-0.183	26.557	0.024	28.802
2015-06-13 21:22:00	1348488	-0.198	26.508	0.024	28.801
2015-06-13 21:23:00	1348489	-0.168	26.492	0.023	28.802
2015-06-13 21:24:00	1348490	-0.139	26.485	0.021	28.808
2015-06-13 21:25:00	1348491	-0.177	26.457	0.023	28.811
2015-06-13 21:26:00	1348492	-0.157	26.411	0.023	28.816
2015-06-13 21:27:00	1348493	-0.147	26.416	0.018	28.817
2015-06-13 21:28:00	1348494	-0.210	26.423	0.025	28.811
2015-06-13 21:29:00	1348495	-0.159	26.377	0.024	28.802
2015-06-13 21:30:00	1348496	-0.226	26.349	0.026	28.794
2015-06-13 21:31:00	1348497	-0.181	26.309	0.022	28.789
2015-06-13 21:32:00	1348498	-0.187	26.284	0.022	28.788
2015-06-13 21:33:00	1348499	-0.170	26.265	0.022	28.784
2015-06-13 21:34:00	1348500	-0.155	26.252	0.022	28.766
2015-06-13 21:35:00	1348501	-0.181	26.254	0.022	28.761
2015-06-13 21:36:00	1348502	-0.215	26.256	0.025	28.760
2015-06-13 21:37:00	1348503	-0.160	26.258	0.023	28.754
2015-06-13 21:38:00	1348504	-0.180	26.243	0.022	28.747
2015-06-13 21:39:00	1348505	-0.177	26.223	0.023	28.743
2015-06-13 21:40:00	1348506	-0.198	26.216	0.024	28.739
2015-06-13 21:41:00	1348507	-0.114	26.210	0.019	28.735
2015-06-13 21:42:00	1348508	-0.160	26.213	0.022	28.729
2015-06-13 21:43:00	1348509	-0.178	26.214	0.024	28.720
2015-06-13 21:44:00	1348510	-0.197	26.218	0.024	28.709
2015-06-13 21:45:00	1348511	-0.181	26.215	0.023	28.709
2015-06-13 21:46:00	1348512	-0.167	26.237	0.022	28.709
2015-06-13 21:47:00	1348513	-0.169	26.230	0.024	28.708
2015-06-13 21:48:00	1348514	-0.180	26.232	0.022	28.700
2015-06-13 21:49:00	1348515	-0.177	26.261	0.023	28.698
2015-06-13 21:50:00	1348516	-0.166	26.278	0.023	28.700
2015-06-13 21:51:00	1348517	-0.184	26.284	0.022	28.699
2015-06-13 21:52:00	1348518	-0.172	26.295	0.023	28.701
2015-06-13 21:53:00	1348519	-0.186	26.315	0.023	28.706
2015-06-13 21:54:00	1348520	-0.183	26.326	0.024	28.702
2015-06-13 21:55:00	1348521	-0.164	26.325	0.024	28.710
2015-06-13 21:56:00	1348522	-0.167	26.333	0.022	28.716
2015-06-13 21:57:00	1348523	-0.195	26.341	0.024	28.717
2015-06-13 21:58:00	1348524	-0.192	26.342	0.024	28.715
2015-06-13 21:59:00	1348525	-0.169	26.320	0.022	28.715
2015-06-13 22:00:00	1348526	-0.156	26.322	0.023	28.711
2015-06-13 22:01:00	1348527	-0.182	26.312	0.023	28.706
2015-06-13 22:02:00	1348528	-0.196	26.288	0.025	28.699
2015-06-13 22:03:00	1348529	-0.154	26.263	0.022	28.693
2015-06-13 22:04:00	1348530	-0.187	26.256	0.024	28.680
2015-06-13 22:05:00	1348531	-0.187	26.270	0.025	28.669
2015-06-13 22:06:00	1348532	-0.294	26.248	0.030	28.663
2015-06-13 22:07:00	1348533	-0.228	26.268	0.025	28.651
2015-06-13 22:08:00	1348534	-0.185	26.302	0.025	28.638
2015-06-13 22:09:00	1348535	-0.192	26.327	0.024	28.626
2015-06-13 22:10:00	1348536	-0.180	26.325	0.022	28.609
2015-06-13 22:11:00	1348537	-0.196	26.310	0.023	28.599
2015-06-13 22:12:00	1348538	-0.137	26.285	0.021	28.587
2015-06-13 22:13:00	1348539	-0.217	26.271	0.026	28.568
2015-06-13 22:14:00	1348540	-0.172	26.233	0.021	28.563
2015-06-13 22:15:00	1348541	-0.166	26.225	0.022	28.556
2015-06-13 22:16:00	1348542	-0.188	26.211	0.025	28.545
2015-06-13 22:17:00	1348543	-0.145	26.178	0.022	28.529
2015-06-13 22:18:00	1348544	-0.272	26.158	0.025	28.520
2015-06-13 22:19:00	1348545	-0.210	26.154	0.025	28.508
2015-06-13 22:20:00	1348546	-0.146	26.138	0.022	28.489
2015-06-13 22:21:00	1348547	-0.164	26.096	0.024	28.474
2015-06-13 22:22:00	1348548	-0.191	26.052	0.024	28.472
2015-06-13 22:23:00	1348549	-0.136	26.019	0.021	28.470
2015-06-13 22:24:00	1348550	-0.108	26.046	0.021	28.452
2015-06-13 22:25:00	1348551	-0.189	26.094	0.024	28.460
2015-06-13 22:26:00	1348552	-0.202	26.126	0.024	28.444
2015-06-13 22:27:00	1348553	-0.170	26.154	0.021	28.449
2015-06-13 22:28:00	1348554	-0.177	26.159	0.023	28.439
2015-06-13 22:29:00	1348555	-0.182	26.143	0.024	28.436
2015-06-13 22:30:00	1348556	-0.181	26.110	0.024	28.425
2015-06-13 22:31:00	1348557	-0.198	26.068	0.024	28.423
2015-06-13 22:32:00	1348558	-0.190	26.074	0.024	28.407
2015-06-13 22:33:00	1348559	-0.198	26.082	0.025	28.412
2015-06-13 22:34:00	1348560	-0.216	26.061	0.026	28.401
2015-06-13 22:35:00	1348561	-0.194	26.038	0.023	28.412
2015-06-13 22:36:00	1348562	-0.182	26.022	0.023	28.391
2015-06-13 22:37:00	1348563	-0.197	25.995	0.023	28.403
2015-06-13 22:38:00	1348564	-0.177	25.989	0.022	28.399
2015-06-13 22:39:00	1348565	-0.167	25.976	0.023	28.387
2015-06-13 22:40:00	1348566	-0.170	25.951	0.023	28.388
2015-06-13 22:41:00	1348567	-0.170	25.924	0.024	28.386
2015-06-13 22:42:00	1348568	-0.183	25.900	0.025	28.387
2015-06-13 22:43:00	1348569	-0.203	25.887	0.024	28.389
2015-06-13 22:44:00	1348570	-0.156	25.862	0.021	28.390
2015-06-13 22:45:00	1348571	-0.182	25.858	0.024	28.390
2015-06-13 22:46:00	1348572	-0.187	25.894	0.023	28.392
2015-06-13 22:47:00	1348573	-0.160	25.889	0.022	28.390
2015-06-13 22:48:00	1348574	-0.196	25.919	0.025	28.381
2015-06-13 22:49:00	1348575	-0.198	25.931	0.022	28.380
2015-06-13 22:50:00	1348576	-0.169	25.937	0.023	28.379
2015-06-13 22:51:00	1348577	-0.184	25.948	0.024	28.375
2015-06-13 22:52:00	1348578	-0.185	25.969	0.023	28.378
2015-06-13 22:53:00	1348579	-0.185	25.990	0.022	28.383
2015-06-13 22:54:00	1348580	-0.119	25.984	0.022	28.383
2015-06-13 22:55:00	1348581	-0.161	25.994	0.022	28.379
2015-06-13 22:56:00	1348582	-0.133	26.018	0.022	28.375
2015-06-13 22:57:00	1348583	-0.177	26.041	0.024	28.354
2015-06-13 22:58:00	1348584	-0.180	26.038	0.023	28.355
2015-06-13 22:59:00	1348585	-0.161	26.021	0.022	28.356
2015-06-13 23:00:00	1348586	-0.177	25.985	0.024	28.355
2015-06-13 23:01:00	1348587	-0.189	25.973	0.021	28.351
2015-06-13 23:02:00	1348588	-0.088	25.971	0.018	28.353
2015-06-13 23:03:00	1348589	-0.218	25.992	0.026	28.356
2015-06-13 23:04:00	1348590	-0.185	25.998	0.023	28.357
2015-06-13 23:05:00	1348591	-0.178	26.006	0.023	28.358
2015-06-13 23:06:00	1348592	-0.244	26.010	0.030	28.365
2015-06-13 23:07:00	1348593	-0.167	26.005	0.024	28.378
2015-06-13 23:08:00	1348594	-0.174	25.993	0.022	28.393
2015-06-13 23:09:00	1348595	-0.170	25.976	0.023	28.401
2015-06-13 23:10:00	1348596	-0.180	25.942	0.023	28.401
2015-06-13 23:11:00	1348597	-0.162	25.914	0.023	28.398
2015-06-13 23:12:00	1348598	-0.177	25.936	0.023	28.394
2015-06-13 23:13:00	1348599	-0.186	25.933	0.024	28.404
2015-06-13 23:14:00	1348600	-0.180	25.924	0.023	28.405
2015-06-13 23:15:00	1348601	-0.184	25.925	0.025	28.410
2015-06-13 23:16:00	1348602	-0.185	25.926	0.023	28.421
2015-06-13 23:17:00	1348603	-0.180	25.950	0.023	28.428
2015-06-13 23:18:00	1348604	-0.174	25.926	0.023	28.434
2015-06-13 23:19:00	1348605	-0.166	25.891	0.022	28.426
2015-06-13 23:20:00	1348606	-0.180	25.851	0.025	28.424
2015-06-13 23:21:00	1348607	-0.179	25.837	0.024	28.429
2015-06-13 23:22:00	1348608	-0.178	25.839	0.023	28.436
2015-06-13 23:23:00	1348609	-0.177	25.819	0.023	28.443
2015-06-13 23:24:00	1348610	-0.168	25.811	0.024	28.447
2015-06-13 23:25:00	1348611	-0.178	25.800	0.022	28.441
2015-06-13 23:26:00	1348612	-0.168	25.789	0.023	28.433
2015-06-13 23:27:00	1348613	-0.196	25.769	0.024	28.423
2015-06-13 23:28:00	1348614	-0.172	25.750	0.022	28.406
2015-06-13 23:29:00	1348615	-0.190	25.735	0.023	28.401
2015-06-13 23:30:00	1348616	-0.162	25.737	0.022	28.399
2015-06-13 23:31:00	1348617	-0.168	25.736	0.022	28.396
2015-06-13 23:32:00	1348618	-0.178	25.748	0.024	28.396
2015-06-13 23:33:00	1348619	-0.183	25.740	0.024	28.391
2015-06-13 23:34:00	1348620	-0.180	25.731	0.024	28.384
2015-06-13 23:35:00	1348621	-0.148	25.716	0.021	28.374
2015-06-13 23:36:00	1348622	-0.152	25.693	0.021	28.368
2015-06-13 23:37:00	1348623	-0.163	25.683	0.023	28.357
2015-06-13 23:38:00	1348624	-0.200	25.680	0.024	28.343
2015-06-13 23:39:00	1348625	-0.180	25.684	0.022	28.329
2015-06-13 23:40:00	1348626	-0.190	25.683	0.024	28.319
2015-06-13 23:41:00	1348627	-0.195	25.681	0.023	28.310
2015-06-13 23:42:00	1348628	-0.198	25.739	0.024	28.291
2015-06-13 23:43:00	1348629	-0.173	25.786	0.021	28.292
2015-06-13 23:44:00	1348630	-0.169	25.811	0.023	28.298
2015-06-13 23:45:00	1348631	-0.155	25.837	0.022	28.290
2015-06-13 23:46:00	1348632	-0.186	25.851	0.025	28.293
2015-06-13 23:47:00	1348633	-0.206	25.864	0.027	28.288
2015-06-13 23:48:00	1348634	-0.156	25.851	0.024	28.287
2015-06-13 23:49:00	1348635	-0.170	25.836	0.022	28.283
2015-06-13 23:50:00	1348636	-0.236	25.839	0.026	28.282
2015-06-13 23:51:00	1348637	-0.095	25.852	0.016	28.286
2015-06-13 23:52:00	1348638	-0.180	25.860	0.023	28.284
2015-06-13 23:53:00	1348639	-0.182	25.895	0.025	28.277
2015-06-13 23:54:00	1348640	-0.158	25.900	0.023	28.279
2015-06-13 23:55:00	1348641	-0.147	25.900	0.022	28.273
2015-06-13 23:56:00	1348642	-0.139	25.960	0.022	28.272
2015-06-13 23:57:00	1348643	-0.175	26.014	0.025	28.279
2015-06-13 23:58:00	1348644	-0.192	26.018	0.023	28.284
2015-06-13 23:59:00	1348645	-0.163	26.032	0.022	28.282
