Tm	Rec_ID	AvgGSi00	AvgTSi00	AvgHamb	AvgTamb
2015-06-14 00:00:00	1348646	-0.164	26.037	0.022	28.281
2015-06-14 00:01:00	1348647	-0.221	26.049	0.025	28.278
2015-06-14 00:02:00	1348648	-0.160	26.040	0.024	28.281
2015-06-14 00:03:00	1348649	-0.176	26.025	0.024	28.281
2015-06-14 00:04:00	1348650	-0.184	26.030	0.022	28.281
2015-06-14 00:05:00	1348651	-0.194	26.012	0.024	28.281
2015-06-14 00:06:00	1348652	-0.131	25.996	0.021	28.282
2015-06-14 00:07:00	1348653	-0.157	25.992	0.021	28.287
2015-06-14 00:08:00	1348654	-0.164	25.981	0.020	28.290
2015-06-14 00:09:00	1348655	-0.157	25.979	0.022	28.303
2015-06-14 00:10:00	1348656	-0.184	25.974	0.024	28.302
2015-06-14 00:11:00	1348657	-0.199	25.978	0.024	28.297
2015-06-14 00:12:00	1348658	-0.186	25.974	0.024	28.293
2015-06-14 00:13:00	1348659	-0.181	25.966	0.024	28.285
2015-06-14 00:14:00	1348660	-0.162	25.973	0.021	28.272
2015-06-14 00:15:00	1348661	-0.150	25.974	0.024	28.275
2015-06-14 00:16:00	1348662	-0.198	25.976	0.025	28.284
2015-06-14 00:17:00	1348663	-0.185	25.992	0.020	28.285
2015-06-14 00:18:00	1348664	-0.138	26.006	0.021	28.293
2015-06-14 00:19:00	1348665	-0.189	26.019	0.024	28.295
2015-06-14 00:20:00	1348666	-0.162	26.030	0.025	28.287
2015-06-14 00:21:00	1348667	-0.167	26.038	0.023	28.272
2015-06-14 00:22:00	1348668	-0.190	26.030	0.024	28.246
2015-06-14 00:23:00	1348669	-0.176	26.014	0.023	28.219
2015-06-14 00:24:00	1348670	-0.174	25.995	0.024	28.193
2015-06-14 00:25:00	1348671	-0.167	25.963	0.022	28.174
2015-06-14 00:26:00	1348672	-0.269	25.934	0.028	28.156
2015-06-14 00:27:00	1348673	-0.241	25.913	0.025	28.132
2015-06-14 00:28:00	1348674	-0.121	25.906	0.022	28.105
2015-06-14 00:29:00	1348675	-0.193	25.887	0.023	28.088
2015-06-14 00:30:00	1348676	-0.174	25.854	0.023	28.078
2015-06-14 00:31:00	1348677	-0.168	25.825	0.023	28.069
2015-06-14 00:32:00	1348678	-0.177	25.808	0.024	28.047
2015-06-14 00:33:00	1348679	-0.168	25.795	0.023	28.035
2015-06-14 00:34:00	1348680	-0.180	25.765	0.023	28.017
2015-06-14 00:35:00	1348681	-0.196	25.729	0.023	28.008
2015-06-14 00:36:00	1348682	-0.187	25.715	0.023	27.985
2015-06-14 00:37:00	1348683	-0.186	25.705	0.023	27.971
2015-06-14 00:38:00	1348684	-0.167	25.712	0.023	27.957
2015-06-14 00:39:00	1348685	-0.200	25.795	0.024	27.926
2015-06-14 00:40:00	1348686	-0.154	25.877	0.021	27.948
2015-06-14 00:41:00	1348687	-0.225	25.916	0.027	27.957
2015-06-14 00:42:00	1348688	-0.225	25.911	0.027	27.972
2015-06-14 00:43:00	1348689	-0.174	25.912	0.023	27.962
2015-06-14 00:44:00	1348690	-0.195	25.909	0.026	27.980
2015-06-14 00:45:00	1348691	-0.231	25.925	0.025	27.972
2015-06-14 00:46:00	1348692	-0.222	25.921	0.025	27.972
2015-06-14 00:47:00	1348693	-0.166	25.909	0.022	27.976
2015-06-14 00:48:00	1348694	-0.212	25.878	0.026	27.959
2015-06-14 00:49:00	1348695	-0.135	25.850	0.021	27.969
2015-06-14 00:50:00	1348696	-0.185	25.843	0.021	27.972
2015-06-14 00:51:00	1348697	-0.165	25.848	0.023	27.950
2015-06-14 00:52:00	1348698	-0.221	25.871	0.025	27.957
2015-06-14 00:53:00	1348699	-0.152	25.912	0.021	27.932
2015-06-14 00:54:00	1348700	-0.159	25.922	0.024	27.910
2015-06-14 00:55:00	1348701	-0.275	25.912	0.029	27.896
2015-06-14 00:56:00	1348702	-0.105	25.888	0.016	27.881
2015-06-14 00:57:00	1348703	-0.070	25.869	0.020	27.877
2015-06-14 00:58:00	1348704	-0.149	25.845	0.022	27.858
2015-06-14 00:59:00	1348705	-0.147	25.835	0.021	27.852
2015-06-14 01:00:00	1348706	-0.147	25.856	0.022	27.837
2015-06-14 01:01:00	1348707	-0.210	25.859	0.024	27.841
2015-06-14 01:02:00	1348708	-0.178	25.871	0.022	27.823
2015-06-14 01:03:00	1348709	-0.172	25.886	0.023	27.819
2015-06-14 01:04:00	1348710	-0.195	25.908	0.024	27.796
2015-06-14 01:05:00	1348711	-0.131	25.913	0.021	27.793
2015-06-14 01:06:00	1348712	-0.160	25.893	0.022	27.777
2015-06-14 01:07:00	1348713	-0.170	25.865	0.023	27.786
2015-06-14 01:08:00	1348714	-0.187	25.846	0.026	27.759
2015-06-14 01:09:00	1348715	-0.171	25.842	0.023	27.765
2015-06-14 01:10:00	1348716	-0.165	25.890	0.023	27.786
2015-06-14 01:11:00	1348717	-0.192	25.957	0.023	27.784
2015-06-14 01:12:00	1348718	-0.176	26.030	0.022	27.799
2015-06-14 01:13:00	1348719	-0.157	26.107	0.023	27.814
2015-06-14 01:14:00	1348720	-0.180	26.193	0.024	27.814
2015-06-14 01:15:00	1348721	-0.223	26.225	0.024	27.844
2015-06-14 01:16:00	1348722	-0.242	26.256	0.028	27.860
2015-06-14 01:17:00	1348723	-0.231	26.279	0.028	27.848
2015-06-14 01:18:00	1348724	-0.099	26.298	0.017	27.866
2015-06-14 01:19:00	1348725	-0.103	26.295	0.020	27.890
2015-06-14 01:20:00	1348726	-0.060	26.278	0.018	27.890
2015-06-14 01:21:00	1348727	-0.202	26.287	0.024	27.886
2015-06-14 01:22:00	1348728	-0.178	26.289	0.022	27.880
2015-06-14 01:23:00	1348729	-0.166	26.296	0.025	27.875
2015-06-14 01:24:00	1348730	-0.147	26.309	0.021	27.869
2015-06-14 01:25:00	1348731	-0.140	26.318	0.024	27.869
2015-06-14 01:26:00	1348732	-0.214	26.309	0.025	27.866
2015-06-14 01:27:00	1348733	-0.164	26.318	0.024	27.856
2015-06-14 01:28:00	1348734	-0.134	26.319	0.024	27.853
2015-06-14 01:29:00	1348735	-0.170	26.313	0.024	27.850
2015-06-14 01:30:00	1348736	-0.192	26.283	0.025	27.848
2015-06-14 01:31:00	1348737	-0.172	26.258	0.023	27.845
2015-06-14 01:32:00	1348738	-0.171	26.264	0.023	27.842
2015-06-14 01:33:00	1348739	-0.196	26.272	0.025	27.840
2015-06-14 01:34:00	1348740	-0.159	26.264	0.023	27.844
2015-06-14 01:35:00	1348741	-0.188	26.268	0.024	27.847
2015-06-14 01:36:00	1348742	-0.161	26.267	0.022	27.846
2015-06-14 01:37:00	1348743	-0.165	26.264	0.024	27.844
2015-06-14 01:38:00	1348744	-0.191	26.259	0.025	27.831
2015-06-14 01:39:00	1348745	-0.179	26.268	0.023	27.821
2015-06-14 01:40:00	1348746	-0.142	26.252	0.020	27.820
2015-06-14 01:41:00	1348747	-0.178	26.233	0.025	27.819
2015-06-14 01:42:00	1348748	-0.181	26.234	0.022	27.817
2015-06-14 01:43:00	1348749	-0.174	26.227	0.024	27.817
2015-06-14 01:44:00	1348750	-0.161	26.216	0.023	27.824
2015-06-14 01:45:00	1348751	-0.048	26.202	0.017	27.826
2015-06-14 01:46:00	1348752	-0.178	26.187	0.025	27.820
2015-06-14 01:47:00	1348753	-0.231	26.166	0.028	27.821
2015-06-14 01:48:00	1348754	-0.136	26.145	0.023	27.827
2015-06-14 01:49:00	1348755	-0.177	26.130	0.023	27.835
2015-06-14 01:50:00	1348756	-0.189	26.120	0.023	27.844
2015-06-14 01:51:00	1348757	-0.141	26.124	0.020	27.843
2015-06-14 01:52:00	1348758	-0.117	26.128	0.020	27.834
2015-06-14 01:53:00	1348759	-0.213	26.153	0.025	27.832
2015-06-14 01:54:00	1348760	-0.173	26.163	0.023	27.831
2015-06-14 01:55:00	1348761	-0.133	26.173	0.023	27.835
2015-06-14 01:56:00	1348762	-0.147	26.190	0.023	27.835
2015-06-14 01:57:00	1348763	-0.215	26.198	0.028	27.824
2015-06-14 01:58:00	1348764	-0.197	26.179	0.026	27.834
2015-06-14 01:59:00	1348765	-0.091	26.175	0.021	27.832
2015-06-14 02:00:00	1348766	-0.156	26.158	0.021	27.832
2015-06-14 02:01:00	1348767	-0.163	26.133	0.022	27.826
2015-06-14 02:02:00	1348768	-0.213	26.121	0.025	27.821
2015-06-14 02:03:00	1348769	-0.175	26.090	0.024	27.817
2015-06-14 02:04:00	1348770	-0.193	26.062	0.025	27.818
2015-06-14 02:05:00	1348771	-0.135	26.053	0.024	27.810
2015-06-14 02:06:00	1348772	-0.212	26.061	0.026	27.810
2015-06-14 02:07:00	1348773	-0.228	26.037	0.024	27.823
2015-06-14 02:08:00	1348774	-0.170	26.010	0.024	27.822
2015-06-14 02:09:00	1348775	-0.095	25.987	0.016	27.826
2015-06-14 02:10:00	1348776	-0.092	25.980	0.019	27.826
2015-06-14 02:11:00	1348777	-0.174	25.968	0.023	27.820
2015-06-14 02:12:00	1348778	-0.169	25.957	0.024	27.817
2015-06-14 02:13:00	1348779	-0.120	25.935	0.019	27.820
2015-06-14 02:14:00	1348780	-0.176	25.923	0.024	27.827
2015-06-14 02:15:00	1348781	-0.213	25.921	0.025	27.827
2015-06-14 02:16:00	1348782	-0.257	25.933	0.028	27.824
2015-06-14 02:17:00	1348783	-0.216	25.954	0.025	27.822
2015-06-14 02:18:00	1348784	-0.174	25.974	0.023	27.825
2015-06-14 02:19:00	1348785	-0.193	26.003	0.023	27.823
2015-06-14 02:20:00	1348786	-0.152	26.028	0.022	27.824
2015-06-14 02:21:00	1348787	-0.184	26.041	0.024	27.833
2015-06-14 02:22:00	1348788	-0.164	26.043	0.024	27.842
2015-06-14 02:23:00	1348789	-0.163	26.033	0.024	27.844
2015-06-14 02:24:00	1348790	-0.190	26.019	0.025	27.846
2015-06-14 02:25:00	1348791	-0.156	25.991	0.024	27.851
2015-06-14 02:26:00	1348792	-0.200	25.954	0.025	27.850
2015-06-14 02:27:00	1348793	-0.217	25.905	0.026	27.853
2015-06-14 02:28:00	1348794	-0.180	25.879	0.021	27.846
2015-06-14 02:29:00	1348795	-0.167	25.843	0.023	27.841
2015-06-14 02:30:00	1348796	-0.185	25.823	0.025	27.836
2015-06-14 02:31:00	1348797	-0.168	25.828	0.024	27.844
2015-06-14 02:32:00	1348798	-0.175	25.826	0.022	27.851
2015-06-14 02:33:00	1348799	-0.169	25.835	0.024	27.857
2015-06-14 02:34:00	1348800	-0.166	25.853	0.023	27.829
2015-06-14 02:35:00	1348801	-0.176	25.829	0.023	27.824
2015-06-14 02:36:00	1348802	-0.224	25.813	0.028	27.827
2015-06-14 02:37:00	1348803	-0.160	25.803	0.023	27.828
2015-06-14 02:38:00	1348804	-0.097	25.769	0.020	27.829
2015-06-14 02:39:00	1348805	-0.172	25.733	0.021	27.829
2015-06-14 02:40:00	1348806	-0.160	25.724	0.022	27.833
2015-06-14 02:41:00	1348807	-0.240	25.737	0.028	27.841
2015-06-14 02:42:00	1348808	-0.164	25.775	0.023	27.844
2015-06-14 02:43:00	1348809	-0.217	25.769	0.026	27.852
2015-06-14 02:44:00	1348810	-0.128	25.758	0.020	27.858
2015-06-14 02:45:00	1348811	-0.165	25.758	0.021	27.859
2015-06-14 02:46:00	1348812	-0.177	25.746	0.023	27.865
2015-06-14 02:47:00	1348813	-0.183	25.783	0.024	27.864
2015-06-14 02:48:00	1348814	-0.146	25.824	0.021	27.860
2015-06-14 02:49:00	1348815	-0.198	25.844	0.024	27.860
2015-06-14 02:50:00	1348816	-0.130	25.839	0.021	27.860
2015-06-14 02:51:00	1348817	-0.194	25.882	0.028	27.849
2015-06-14 02:52:00	1348818	-0.057	25.868	0.018	27.849
2015-06-14 02:53:00	1348819	-0.240	25.859	0.029	27.851
2015-06-14 02:54:00	1348820	-0.166	25.848	0.024	27.854
2015-06-14 02:55:00	1348821	-0.214	25.828	0.028	27.855
2015-06-14 02:56:00	1348822	-0.175	25.840	0.023	27.854
2015-06-14 02:57:00	1348823	-0.179	25.841	0.023	27.847
2015-06-14 02:58:00	1348824	-0.155	25.839	0.023	27.841
2015-06-14 02:59:00	1348825	-0.185	25.837	0.025	27.834
2015-06-14 03:00:00	1348826	-0.282	25.829	0.030	27.829
2015-06-14 03:01:00	1348827	-0.298	25.810	0.032	27.825
2015-06-14 03:02:00	1348828	-0.228	25.834	0.028	27.822
2015-06-14 03:03:00	1348829	-0.178	25.873	0.026	27.823
2015-06-14 03:04:00	1348830	-0.278	25.912	0.027	27.825
2015-06-14 03:05:00	1348831	-0.177	25.920	0.024	27.812
2015-06-14 03:06:00	1348832	-0.206	25.924	0.027	27.803
2015-06-14 03:07:00	1348833	-0.175	25.924	0.024	27.806
2015-06-14 03:08:00	1348834	-0.092	25.924	0.019	27.808
2015-06-14 03:09:00	1348835	-0.123	25.934	0.021	27.819
2015-06-14 03:10:00	1348836	-0.137	25.934	0.022	27.832
2015-06-14 03:11:00	1348837	-0.220	25.916	0.026	27.843
2015-06-14 03:12:00	1348838	-0.229	25.914	0.024	27.851
2015-06-14 03:13:00	1348839	-0.053	25.908	0.019	27.855
2015-06-14 03:14:00	1348840	-0.181	25.916	0.027	27.862
2015-06-14 03:15:00	1348841	-0.202	25.908	0.022	27.864
2015-06-14 03:16:00	1348842	-0.147	25.910	0.020	27.860
2015-06-14 03:17:00	1348843	-0.067	25.896	0.018	27.851
2015-06-14 03:18:00	1348844	-0.164	25.903	0.023	27.831
2015-06-14 03:19:00	1348845	-0.197	25.894	0.026	27.820
2015-06-14 03:20:00	1348846	-0.036	25.890	0.016	27.813
2015-06-14 03:21:00	1348847	-0.164	25.892	0.023	27.804
2015-06-14 03:22:00	1348848	-0.191	25.876	0.024	27.800
2015-06-14 03:23:00	1348849	-0.165	25.862	0.024	27.792
2015-06-14 03:24:00	1348850	-0.128	25.848	0.022	27.788
2015-06-14 03:25:00	1348851	-0.164	25.867	0.024	27.772
2015-06-14 03:26:00	1348852	-0.270	25.880	0.028	27.777
2015-06-14 03:27:00	1348853	-0.207	25.905	0.024	27.783
2015-06-14 03:28:00	1348854	-0.154	25.899	0.023	27.801
2015-06-14 03:29:00	1348855	-0.185	25.905	0.026	27.813
2015-06-14 03:30:00	1348856	-0.176	25.890	0.023	27.823
2015-06-14 03:31:00	1348857	-0.234	25.899	0.029	27.822
2015-06-14 03:32:00	1348858	-0.174	25.885	0.022	27.832
2015-06-14 03:33:00	1348859	-0.190	25.842	0.023	27.847
2015-06-14 03:34:00	1348860	-0.133	25.813	0.020	27.853
2015-06-14 03:35:00	1348861	-0.153	25.760	0.023	27.858
2015-06-14 03:36:00	1348862	-0.182	25.725	0.025	27.861
2015-06-14 03:37:00	1348863	-0.135	25.687	0.019	27.863
2015-06-14 03:38:00	1348864	-0.184	25.672	0.024	27.859
2015-06-14 03:39:00	1348865	-0.168	25.655	0.025	27.854
2015-06-14 03:40:00	1348866	-0.176	25.639	0.023	27.851
2015-06-14 03:41:00	1348867	-0.163	25.608	0.022	27.845
2015-06-14 03:42:00	1348868	-0.180	25.592	0.025	27.840
2015-06-14 03:43:00	1348869	-0.189	25.618	0.027	27.832
2015-06-14 03:44:00	1348870	-0.176	25.668	0.025	27.822
2015-06-14 03:45:00	1348871	-0.215	25.694	0.026	27.822
2015-06-14 03:46:00	1348872	-0.177	25.685	0.024	27.814
2015-06-14 03:47:00	1348873	-0.137	25.687	0.023	27.810
2015-06-14 03:48:00	1348874	-0.099	25.702	0.021	27.809
2015-06-14 03:49:00	1348875	-0.131	25.715	0.020	27.805
2015-06-14 03:50:00	1348876	-0.179	25.663	0.023	27.807
2015-06-14 03:51:00	1348877	-0.190	25.661	0.023	27.803
2015-06-14 03:52:00	1348878	-0.085	25.660	0.021	27.797
2015-06-14 03:53:00	1348879	-0.236	25.633	0.027	27.791
2015-06-14 03:54:00	1348880	-0.157	25.597	0.021	27.781
2015-06-14 03:55:00	1348881	-0.268	25.570	0.026	27.773
2015-06-14 03:56:00	1348882	-0.192	25.566	0.022	27.769
2015-06-14 03:57:00	1348883	-0.157	25.572	0.022	27.766
2015-06-14 03:58:00	1348884	-0.070	25.527	0.017	27.767
2015-06-14 03:59:00	1348885	-0.108	25.479	0.018	27.760
2015-06-14 04:00:00	1348886	-0.264	25.462	0.030	27.747
2015-06-14 04:01:00	1348887	-0.210	25.425	0.026	27.734
2015-06-14 04:02:00	1348888	-0.195	25.407	0.025	27.715
2015-06-14 04:03:00	1348889	-0.145	25.375	0.023	27.700
2015-06-14 04:04:00	1348890	-0.189	25.325	0.023	27.688
2015-06-14 04:05:00	1348891	-0.063	25.279	0.018	27.678
2015-06-14 04:06:00	1348892	-0.183	25.256	0.024	27.670
2015-06-14 04:07:00	1348893	-0.280	25.233	0.027	27.655
2015-06-14 04:08:00	1348894	-0.237	25.245	0.027	27.635
2015-06-14 04:09:00	1348895	-0.153	25.237	0.022	27.626
2015-06-14 04:10:00	1348896	-0.188	25.211	0.024	27.614
2015-06-14 04:11:00	1348897	-0.171	25.187	0.025	27.595
2015-06-14 04:12:00	1348898	-0.178	25.165	0.023	27.581
2015-06-14 04:13:00	1348899	-0.164	25.138	0.022	27.570
2015-06-14 04:14:00	1348900	-0.173	25.115	0.023	27.561
2015-06-14 04:15:00	1348901	-0.232	25.103	0.027	27.553
2015-06-14 04:16:00	1348902	-0.071	25.091	0.018	27.547
2015-06-14 04:17:00	1348903	-0.200	25.075	0.024	27.540
2015-06-14 04:18:00	1348904	-0.248	25.082	0.029	27.531
2015-06-14 04:19:00	1348905	-0.139	25.130	0.021	27.528
2015-06-14 04:20:00	1348906	-0.134	25.141	0.020	27.520
2015-06-14 04:21:00	1348907	-0.171	25.140	0.023	27.515
2015-06-14 04:22:00	1348908	-0.076	25.175	0.019	27.515
2015-06-14 04:23:00	1348909	-0.174	25.237	0.023	27.506
2015-06-14 04:24:00	1348910	-0.202	25.253	0.022	27.520
2015-06-14 04:25:00	1348911	-0.231	25.282	0.025	27.505
2015-06-14 04:26:00	1348912	-0.207	25.291	0.025	27.511
2015-06-14 04:27:00	1348913	-0.243	25.270	0.025	27.512
2015-06-14 04:28:00	1348914	-0.159	25.256	0.023	27.500
2015-06-14 04:29:00	1348915	-0.171	25.208	0.021	27.503
2015-06-14 04:30:00	1348916	-0.164	25.200	0.023	27.493
2015-06-14 04:31:00	1348917	-0.156	25.181	0.022	27.491
2015-06-14 04:32:00	1348918	-0.230	25.186	0.025	27.497
2015-06-14 04:33:00	1348919	-0.230	25.212	0.024	27.509
2015-06-14 04:34:00	1348920	-0.226	25.224	0.025	27.491
2015-06-14 04:35:00	1348921	-0.192	25.191	0.028	27.499
2015-06-14 04:36:00	1348922	-0.160	25.167	0.019	27.502
2015-06-14 04:37:00	1348923	-0.163	25.143	0.024	27.490
2015-06-14 04:38:00	1348924	-0.193	25.158	0.025	27.484
2015-06-14 04:39:00	1348925	-0.123	25.170	0.021	27.495
2015-06-14 04:40:00	1348926	-0.213	25.203	0.026	27.496
2015-06-14 04:41:00	1348927	-0.125	25.238	0.021	27.501
2015-06-14 04:42:00	1348928	-0.183	25.264	0.023	27.524
2015-06-14 04:43:00	1348929	-0.176	25.275	0.024	27.528
2015-06-14 04:44:00	1348930	-0.174	25.293	0.024	27.529
2015-06-14 04:45:00	1348931	-0.192	25.331	0.025	27.540
2015-06-14 04:46:00	1348932	-0.166	25.360	0.023	27.552
2015-06-14 04:47:00	1348933	-0.182	25.397	0.023	27.570
2015-06-14 04:48:00	1348934	-0.175	25.433	0.024	27.578
2015-06-14 04:49:00	1348935	-0.175	25.438	0.023	27.603
2015-06-14 04:50:00	1348936	-0.164	25.464	0.023	27.611
2015-06-14 04:51:00	1348937	-0.193	25.459	0.025	27.624
2015-06-14 04:52:00	1348938	-0.175	25.476	0.023	27.630
2015-06-14 04:53:00	1348939	-0.183	25.511	0.025	27.633
2015-06-14 04:54:00	1348940	-0.161	25.536	0.024	27.628
2015-06-14 04:55:00	1348941	-0.166	25.582	0.024	27.628
2015-06-14 04:56:00	1348942	-0.173	25.641	0.024	27.639
2015-06-14 04:57:00	1348943	-0.171	25.654	0.024	27.647
2015-06-14 04:58:00	1348944	-0.168	25.645	0.024	27.650
2015-06-14 04:59:00	1348945	-0.180	25.627	0.023	27.651
2015-06-14 05:00:00	1348946	-0.165	25.602	0.023	27.642
2015-06-14 05:01:00	1348947	-0.182	25.594	0.024	27.637
2015-06-14 05:02:00	1348948	-0.193	25.603	0.024	27.635
2015-06-14 05:03:00	1348949	-0.160	25.618	0.024	27.638
2015-06-14 05:04:00	1348950	-0.214	25.613	0.025	27.641
2015-06-14 05:05:00	1348951	-0.144	25.606	0.022	27.639
2015-06-14 05:06:00	1348952	-0.196	25.623	0.025	27.639
2015-06-14 05:07:00	1348953	-0.212	25.668	0.025	27.642
2015-06-14 05:08:00	1348954	-0.228	25.707	0.026	27.649
2015-06-14 05:09:00	1348955	-0.162	25.725	0.022	27.654
2015-06-14 05:10:00	1348956	-0.249	25.744	0.027	27.657
2015-06-14 05:11:00	1348957	-0.117	25.729	0.021	27.658
2015-06-14 05:12:00	1348958	-0.204	25.687	0.024	27.658
2015-06-14 05:13:00	1348959	-0.166	25.654	0.022	27.655
2015-06-14 05:14:00	1348960	-0.235	25.590	0.027	27.651
2015-06-14 05:15:00	1348961	-0.256	25.529	0.028	27.649
2015-06-14 05:16:00	1348962	-0.163	25.470	0.023	27.646
2015-06-14 05:17:00	1348963	-0.178	25.383	0.024	27.643
2015-06-14 05:18:00	1348964	-0.197	25.321	0.024	27.636
2015-06-14 05:19:00	1348965	-0.164	25.275	0.023	27.625
2015-06-14 05:20:00	1348966	-0.173	25.212	0.024	27.614
2015-06-14 05:21:00	1348967	-0.160	25.150	0.024	27.610
2015-06-14 05:22:00	1348968	-0.163	25.098	0.023	27.604
2015-06-14 05:23:00	1348969	-0.180	25.041	0.026	27.598
2015-06-14 05:24:00	1348970	-0.139	24.980	0.020	27.591
2015-06-14 05:25:00	1348971	-0.179	24.934	0.023	27.584
2015-06-14 05:26:00	1348972	-0.224	24.889	0.027	27.578
2015-06-14 05:27:00	1348973	-0.164	24.856	0.022	27.570
2015-06-14 05:28:00	1348974	-0.192	24.825	0.024	27.565
2015-06-14 05:29:00	1348975	-0.172	24.794	0.023	27.554
2015-06-14 05:30:00	1348976	-0.173	24.780	0.025	27.547
2015-06-14 05:31:00	1348977	-0.198	24.782	0.024	27.545
2015-06-14 05:32:00	1348978	-0.199	24.785	0.025	27.544
2015-06-14 05:33:00	1348979	-0.151	24.782	0.022	27.541
2015-06-14 05:34:00	1348980	-0.188	24.780	0.024	27.536
2015-06-14 05:35:00	1348981	-0.171	24.773	0.024	27.533
2015-06-14 05:36:00	1348982	-0.166	24.767	0.023	27.529
2015-06-14 05:37:00	1348983	-0.184	24.779	0.024	27.522
2015-06-14 05:38:00	1348984	-0.178	24.803	0.022	27.519
2015-06-14 05:39:00	1348985	-0.198	24.807	0.026	27.515
2015-06-14 05:40:00	1348986	-0.133	24.825	0.021	27.495
2015-06-14 05:41:00	1348987	-0.157	24.855	0.023	27.497
2015-06-14 05:42:00	1348988	-0.172	24.864	0.024	27.492
2015-06-14 05:43:00	1348989	-0.178	24.871	0.024	27.478
2015-06-14 05:44:00	1348990	-0.165	24.877	0.024	27.466
2015-06-14 05:45:00	1348991	-0.158	24.914	0.024	27.461
2015-06-14 05:46:00	1348992	-0.186	24.913	0.024	27.451
2015-06-14 05:47:00	1348993	-0.179	24.877	0.024	27.444
2015-06-14 05:48:00	1348994	-0.150	24.854	0.022	27.434
2015-06-14 05:49:00	1348995	-0.175	24.850	0.024	27.428
2015-06-14 05:50:00	1348996	-0.173	24.824	0.023	27.420
2015-06-14 05:51:00	1348997	-0.202	24.820	0.024	27.404
2015-06-14 05:52:00	1348998	-0.182	24.793	0.025	27.395
2015-06-14 05:53:00	1348999	-0.120	24.810	0.022	27.374
2015-06-14 05:54:00	1349000	-0.169	24.809	0.024	27.359
2015-06-14 05:55:00	1349001	-0.211	24.774	0.025	27.351
2015-06-14 05:56:00	1349002	-0.186	24.754	0.024	27.343
2015-06-14 05:57:00	1349003	-0.183	24.791	0.024	27.331
2015-06-14 05:58:00	1349004	-0.185	24.771	0.023	27.320
2015-06-14 05:59:00	1349005	-0.196	24.752	0.022	27.317
2015-06-14 06:00:00	1349006	-0.160	24.740	0.025	27.313
2015-06-14 06:01:00	1349007	-0.175	24.749	0.024	27.305
2015-06-14 06:02:00	1349008	-0.164	24.763	0.024	27.294
2015-06-14 06:03:00	1349009	-0.182	24.793	0.024	27.268
2015-06-14 06:04:00	1349010	-0.178	24.806	0.024	27.242
2015-06-14 06:05:00	1349011	-0.160	24.792	0.024	27.212
2015-06-14 06:06:00	1349012	-0.172	24.813	0.024	27.156
2015-06-14 06:07:00	1349013	-0.175	24.818	0.024	27.115
2015-06-14 06:08:00	1349014	-0.175	24.804	0.025	27.095
2015-06-14 06:09:00	1349015	-0.178	24.770	0.024	27.083
2015-06-14 06:10:00	1349016	-0.157	24.763	0.024	27.063
2015-06-14 06:11:00	1349017	-0.189	24.735	0.024	27.040
2015-06-14 06:12:00	1349018	-0.176	24.747	0.023	27.019
2015-06-14 06:13:00	1349019	-0.168	24.748	0.023	26.996
2015-06-14 06:14:00	1349020	-0.173	24.781	0.024	26.980
2015-06-14 06:15:00	1349021	-0.173	24.803	0.024	26.965
2015-06-14 06:16:00	1349022	-0.170	24.807	0.024	26.953
2015-06-14 06:17:00	1349023	-0.188	24.799	0.025	26.948
2015-06-14 06:18:00	1349024	-0.158	24.775	0.024	26.949
2015-06-14 06:19:00	1349025	-0.187	24.770	0.024	26.948
2015-06-14 06:20:00	1349026	-0.175	24.765	0.024	26.944
2015-06-14 06:21:00	1349027	-0.158	24.778	0.024	26.939
2015-06-14 06:22:00	1349028	-0.212	24.788	0.027	26.933
2015-06-14 06:23:00	1349029	-0.152	24.766	0.022	26.925
2015-06-14 06:24:00	1349030	-6.624	20.217	0.030	26.898
2015-06-14 06:25:00	1349031	-0.141	24.735	0.023	26.929
2015-06-14 06:26:00	1349032	-0.200	24.758	0.029	26.915
2015-06-14 06:27:00	1349033	-0.157	24.760	0.025	26.919
2015-06-14 06:28:00	1349034	-0.130	24.713	0.021	26.924
2015-06-14 06:29:00	1349035	-0.234	24.688	0.027	26.917
2015-06-14 06:30:00	1349036	-0.238	24.648	0.031	26.912
2015-06-14 06:31:00	1349037	-0.098	24.637	0.022	26.918
2015-06-14 06:32:00	1349038	-0.242	24.637	0.029	26.930
2015-06-14 06:33:00	1349039	-0.159	24.638	0.024	26.936
2015-06-14 06:34:00	1349040	-0.164	24.644	0.023	26.940
2015-06-14 06:35:00	1349041	-0.218	24.690	0.026	26.937
2015-06-14 06:36:00	1349042	-0.088	24.720	0.017	26.945
2015-06-14 06:37:00	1349043	-0.150	24.764	0.022	26.943
2015-06-14 06:38:00	1349044	-0.164	24.784	0.026	26.950
2015-06-14 06:39:00	1349045	-0.166	24.858	0.023	26.954
2015-06-14 06:40:00	1349046	-0.149	24.935	0.022	26.952
2015-06-14 06:41:00	1349047	-0.142	25.028	0.024	26.935
2015-06-14 06:42:00	1349048	-0.119	25.076	0.025	26.929
2015-06-14 06:43:00	1349049	-0.133	25.115	0.024	26.928
2015-06-14 06:44:00	1349050	-0.117	25.157	0.023	26.925
2015-06-14 06:45:00	1349051	-0.085	25.197	0.023	26.921
2015-06-14 06:46:00	1349052	-0.056	25.224	0.025	26.917
2015-06-14 06:47:00	1349053	-0.005	25.259	0.024	26.908
2015-06-14 06:48:00	1349054	0.031	25.283	0.024	26.909
2015-06-14 06:49:00	1349055	0.119	25.301	0.023	26.912
2015-06-14 06:50:00	1349056	0.209	25.323	0.023	26.917
2015-06-14 06:51:00	1349057	0.281	25.356	0.022	26.901
2015-06-14 06:52:00	1349058	0.392	25.371	0.024	26.893
2015-06-14 06:53:00	1349059	0.453	25.393	0.027	26.898
2015-06-14 06:54:00	1349060	0.538	25.417	0.026	26.888
2015-06-14 06:55:00	1349061	0.579	25.450	0.022	26.880
2015-06-14 06:56:00	1349062	0.385	25.471	0.029	26.855
2015-06-14 06:57:00	1349063	0.378	25.485	0.022	26.815
2015-06-14 06:58:00	1349064	0.247	25.509	0.026	26.794
2015-06-14 06:59:00	1349065	0.344	25.520	0.023	26.765
2015-06-14 07:00:00	1349066	0.423	25.531	0.025	26.754
2015-06-14 07:01:00	1349067	0.389	25.502	0.025	26.722
2015-06-14 07:02:00	1349068	0.314	25.472	0.024	26.686
2015-06-14 07:03:00	1349069	0.315	25.429	0.023	26.631
2015-06-14 07:04:00	1349070	0.339	25.382	0.024	26.568
2015-06-14 07:05:00	1349071	0.361	25.304	0.023	26.481
2015-06-14 07:06:00	1349072	0.386	25.232	0.025	26.399
2015-06-14 07:07:00	1349073	0.392	25.158	0.024	26.307
2015-06-14 07:08:00	1349074	0.413	25.093	0.025	26.226
2015-06-14 07:09:00	1349075	0.508	25.031	0.023	26.163
2015-06-14 07:10:00	1349076	0.578	24.998	0.025	26.116
2015-06-14 07:11:00	1349077	0.642	24.976	0.024	26.081
2015-06-14 07:12:00	1349078	0.669	24.957	0.025	26.066
2015-06-14 07:13:00	1349079	0.702	24.935	0.025	26.045
2015-06-14 07:14:00	1349080	0.604	24.908	0.025	26.015
2015-06-14 07:15:00	1349081	0.651	24.907	0.021	26.001
2015-06-14 07:16:00	1349082	0.633	24.891	0.028	25.995
2015-06-14 07:17:00	1349083	0.826	24.866	0.023	25.981
2015-06-14 07:18:00	1349084	0.949	24.833	0.024	25.959
2015-06-14 07:19:00	1349085	1.096	24.810	0.023	25.960
2015-06-14 07:20:00	1349086	1.104	24.786	0.030	25.955
2015-06-14 07:21:00	1349087	1.417	24.752	0.025	25.935
2015-06-14 07:22:00	1349088	1.621	24.662	0.022	25.870
2015-06-14 07:23:00	1349089	1.809	24.562	0.020	25.816
2015-06-14 07:24:00	1349090	2.088	24.325	0.020	25.773
2015-06-14 07:25:00	1349091	2.306	23.926	0.024	25.719
2015-06-14 07:26:00	1349092	2.692	23.582	0.025	25.674
2015-06-14 07:27:00	1349093	3.043	23.280	0.023	25.627
2015-06-14 07:28:00	1349094	3.357	23.094	0.024	25.574
2015-06-14 07:29:00	1349095	3.545	22.973	0.028	25.511
2015-06-14 07:30:00	1349096	3.696	22.915	0.025	25.467
2015-06-14 07:31:00	1349097	3.872	22.876	0.023	25.425
2015-06-14 07:32:00	1349098	3.983	22.843	0.024	25.374
2015-06-14 07:33:00	1349099	4.402	22.842	0.024	25.342
2015-06-14 07:34:00	1349100	4.514	22.855	0.026	25.324
2015-06-14 07:35:00	1349101	4.945	22.828	0.024	25.276
2015-06-14 07:36:00	1349102	5.116	22.821	0.024	25.243
2015-06-14 07:37:00	1349103	5.397	22.851	0.024	25.238
2015-06-14 07:38:00	1349104	5.450	22.839	0.024	25.208
2015-06-14 07:39:00	1349105	5.454	22.832	0.025	25.178
2015-06-14 07:40:00	1349106	5.522	22.863	0.025	25.181
2015-06-14 07:41:00	1349107	6.123	22.883	0.025	25.176
2015-06-14 07:42:00	1349108	6.431	22.851	0.024	25.135
2015-06-14 07:43:00	1349109	6.807	22.869	0.025	25.133
2015-06-14 07:44:00	1349110	8.056	22.852	0.024	25.109
2015-06-14 07:45:00	1349111	8.748	22.845	0.025	25.089
2015-06-14 07:46:00	1349112	9.039	22.824	0.026	25.060
2015-06-14 07:47:00	1349113	9.070	22.832	0.024	25.053
2015-06-14 07:48:00	1349114	8.646	22.852	0.025	25.066
2015-06-14 07:49:00	1349115	8.540	22.833	0.026	25.048
2015-06-14 07:50:00	1349116	8.331	22.829	0.024	25.040
2015-06-14 07:51:00	1349117	8.220	22.830	0.024	25.027
2015-06-14 07:52:00	1349118	8.264	22.841	0.032	25.023
2015-06-14 07:53:00	1349119	10.540	22.848	0.031	24.999
2015-06-14 07:54:00	1349120	11.553	22.869	0.026	24.998
2015-06-14 07:55:00	1349121	11.375	22.873	0.023	24.987
2015-06-14 07:56:00	1349122	11.737	22.810	0.025	24.937
2015-06-14 07:57:00	1349123	13.267	22.788	0.025	24.909
2015-06-14 07:58:00	1349124	13.880	22.770	0.025	24.870
2015-06-14 07:59:00	1349125	14.162	22.732	0.024	24.830
2015-06-14 08:00:00	1349126	14.120	22.753	0.023	24.828
2015-06-14 08:01:00	1349127	13.860	22.700	0.025	24.778
2015-06-14 08:02:00	1349128	13.675	22.664	0.025	24.738
2015-06-14 08:03:00	1349129	13.935	22.679	0.025	24.729
2015-06-14 08:04:00	1349130	14.882	22.686	0.024	24.719
2015-06-14 08:05:00	1349131	15.607	22.674	0.024	24.702
2015-06-14 08:06:00	1349132	16.556	22.693	0.026	24.697
2015-06-14 08:07:00	1349133	17.066	22.715	0.028	24.698
2015-06-14 08:08:00	1349134	17.168	22.741	0.025	24.701
2015-06-14 08:09:00	1349135	17.314	22.709	0.025	24.683
2015-06-14 08:10:00	1349136	17.272	22.686	0.027	24.668
2015-06-14 08:11:00	1349137	16.749	22.669	0.028	24.649
2015-06-14 08:12:00	1349138	18.030	22.639	0.025	24.626
2015-06-14 08:13:00	1349139	18.558	22.648	0.025	24.629
2015-06-14 08:14:00	1349140	18.816	22.676	0.023	24.637
2015-06-14 08:15:00	1349141	19.574	22.717	0.025	24.662
2015-06-14 08:16:00	1349142	19.628	22.733	0.023	24.660
2015-06-14 08:17:00	1349143	20.701	22.733	0.025	24.657
2015-06-14 08:18:00	1349144	21.063	22.728	0.026	24.651
2015-06-14 08:19:00	1349145	21.398	22.768	0.021	24.667
2015-06-14 08:20:00	1349146	21.542	22.801	0.024	24.682
2015-06-14 08:21:00	1349147	21.687	22.813	0.024	24.687
2015-06-14 08:22:00	1349148	21.722	22.789	0.021	24.671
2015-06-14 08:23:00	1349149	21.440	22.806	0.028	24.679
2015-06-14 08:24:00	1349150	21.450	22.802	0.026	24.673
2015-06-14 08:25:00	1349151	22.001	22.827	0.023	24.684
2015-06-14 08:26:00	1349152	22.590	22.840	0.023	24.683
2015-06-14 08:27:00	1349153	23.123	22.806	0.030	24.658
2015-06-14 08:28:00	1349154	23.822	22.794	0.023	24.650
2015-06-14 08:29:00	1349155	24.815	22.813	0.025	24.648
2015-06-14 08:30:00	1349156	26.951	22.801	0.024	24.631
2015-06-14 08:31:00	1349157	29.086	22.853	0.023	24.645
2015-06-14 08:32:00	1349158	30.391	22.851	0.027	24.633
2015-06-14 08:33:00	1349159	31.093	22.887	0.024	24.634
2015-06-14 08:34:00	1349160	32.395	22.893	0.027	24.629
2015-06-14 08:35:00	1349161	32.532	22.913	0.026	24.625
2015-06-14 08:36:00	1349162	35.271	22.965	0.025	24.634
2015-06-14 08:37:00	1349163	35.719	22.988	0.027	24.638
2015-06-14 08:38:00	1349164	36.327	22.961	0.023	24.617
2015-06-14 08:39:00	1349165	36.780	22.969	0.026	24.615
2015-06-14 08:40:00	1349166	34.882	22.985	0.026	24.615
2015-06-14 08:41:00	1349167	34.940	23.016	0.027	24.619
2015-06-14 08:42:00	1349168	35.324	23.069	0.027	24.634
2015-06-14 08:43:00	1349169	35.361	23.097	0.021	24.648
2015-06-14 08:44:00	1349170	36.480	23.157	0.024	24.684
2015-06-14 08:45:00	1349171	37.528	23.182	0.026	24.705
2015-06-14 08:46:00	1349172	38.750	23.186	0.025	24.713
2015-06-14 08:47:00	1349173	39.626	23.176	0.027	24.712
2015-06-14 08:48:00	1349174	40.857	23.122	0.020	24.686
2015-06-14 08:49:00	1349175	40.862	23.107	0.029	24.674
2015-06-14 08:50:00	1349176	42.247	23.127	0.029	24.678
2015-06-14 08:51:00	1349177	43.261	23.203	0.028	24.720
2015-06-14 08:52:00	1349178	46.909	23.228	0.027	24.734
2015-06-14 08:53:00	1349179	50.284	23.258	0.026	24.745
2015-06-14 08:54:00	1349180	52.306	23.300	0.023	24.757
2015-06-14 08:55:00	1349181	54.289	23.300	0.027	24.753
2015-06-14 08:56:00	1349182	53.347	23.346	0.026	24.766
2015-06-14 08:57:00	1349183	50.635	23.352	0.026	24.783
2015-06-14 08:58:00	1349184	54.732	23.387	0.029	24.793
2015-06-14 08:59:00	1349185	54.117	23.399	0.031	24.801
2015-06-14 09:00:00	1349186	52.559	23.417	0.018	24.822
2015-06-14 09:01:00	1349187	52.330	23.349	0.028	24.796
2015-06-14 09:02:00	1349188	46.797	23.336	0.026	24.795
2015-06-14 09:03:00	1349189	48.610	23.374	0.025	24.813
2015-06-14 09:04:00	1349190	48.313	23.425	0.026	24.836
2015-06-14 09:05:00	1349191	52.409	23.457	0.026	24.850
2015-06-14 09:06:00	1349192	51.300	23.410	0.026	24.833
2015-06-14 09:07:00	1349193	51.234	23.411	0.025	24.831
2015-06-14 09:08:00	1349194	49.572	23.432	0.026	24.849
2015-06-14 09:09:00	1349195	47.947	23.423	0.025	24.855
2015-06-14 09:10:00	1349196	42.120	23.436	0.019	24.866
2015-06-14 09:11:00	1349197	43.087	23.414	0.027	24.869
2015-06-14 09:12:00	1349198	47.761	23.385	0.030	24.866
2015-06-14 09:13:00	1349199	48.296	23.377	0.025	24.868
2015-06-14 09:14:00	1349200	48.976	23.368	0.026	24.860
2015-06-14 09:15:00	1349201	52.940	23.328	0.025	24.847
2015-06-14 09:16:00	1349202	51.839	23.369	0.026	24.861
2015-06-14 09:17:00	1349203	50.278	23.379	0.025	24.867
2015-06-14 09:18:00	1349204	48.889	23.416	0.026	24.889
2015-06-14 09:19:00	1349205	47.249	23.339	0.027	24.861
2015-06-14 09:20:00	1349206	47.782	23.360	0.025	24.884
2015-06-14 09:21:00	1349207	49.091	23.417	0.025	24.909
2015-06-14 09:22:00	1349208	52.480	23.465	0.025	24.932
2015-06-14 09:23:00	1349209	53.687	23.488	0.027	24.943
2015-06-14 09:24:00	1349210	50.411	23.462	0.025	24.938
2015-06-14 09:25:00	1349211	50.512	23.454	0.026	24.941
2015-06-14 09:26:00	1349212	51.140	23.459	0.026	24.952
2015-06-14 09:27:00	1349213	45.848	23.378	0.026	24.940
2015-06-14 09:28:00	1349214	48.477	23.387	0.027	24.955
2015-06-14 09:29:00	1349215	54.901	23.402	0.027	24.961
2015-06-14 09:30:00	1349216	57.218	23.430	0.026	24.963
2015-06-14 09:31:00	1349217	55.501	23.432	0.028	24.969
2015-06-14 09:32:00	1349218	52.569	23.441	0.022	24.971
2015-06-14 09:33:00	1349219	53.890	23.448	0.027	24.989
2015-06-14 09:34:00	1349220	55.734	23.441	0.025	24.995
2015-06-14 09:35:00	1349221	57.039	23.407	0.026	24.989
2015-06-14 09:36:00	1349222	56.342	23.398	0.028	24.987
2015-06-14 09:37:00	1349223	55.444	23.389	0.025	24.985
2015-06-14 09:38:00	1349224	55.162	23.378	0.029	24.992
2015-06-14 09:39:00	1349225	55.385	23.379	0.024	24.990
2015-06-14 09:40:00	1349226	56.011	23.427	0.022	25.002
2015-06-14 09:41:00	1349227	56.145	23.462	0.028	25.016
2015-06-14 09:42:00	1349228	55.118	23.506	0.033	25.030
2015-06-14 09:43:00	1349229	52.656	23.492	0.025	25.019
2015-06-14 09:44:00	1349230	53.746	23.479	0.029	25.013
2015-06-14 09:45:00	1349231	54.970	23.502	0.027	25.024
2015-06-14 09:46:00	1349232	52.832	23.480	0.025	25.019
2015-06-14 09:47:00	1349233	52.136	23.455	0.026	25.013
2015-06-14 09:48:00	1349234	51.698	23.470	0.027	25.014
2015-06-14 09:49:00	1349235	50.789	23.491	0.028	25.028
2015-06-14 09:50:00	1349236	47.715	23.513	0.024	25.050
2015-06-14 09:51:00	1349237	43.490	23.504	0.027	25.056
2015-06-14 09:52:00	1349238	41.520	23.512	0.026	25.063
2015-06-14 09:53:00	1349239	36.218	23.492	0.023	25.061
2015-06-14 09:54:00	1349240	38.710	23.462	0.021	25.053
2015-06-14 09:55:00	1349241	45.061	23.479	0.026	25.057
2015-06-14 09:56:00	1349242	48.154	23.485	0.031	25.056
2015-06-14 09:57:00	1349243	56.760	23.506	0.033	25.049
2015-06-14 09:58:00	1349244	57.090	23.540	0.031	25.056
2015-06-14 09:59:00	1349245	55.730	23.529	0.030	25.054
2015-06-14 10:00:00	1349246	50.591	23.571	0.023	25.070
2015-06-14 10:01:00	1349247	48.747	23.607	0.024	25.091
2015-06-14 10:02:00	1349248	53.524	23.643	0.026	25.099
2015-06-14 10:03:00	1349249	58.067	23.631	0.020	25.093
2015-06-14 10:04:00	1349250	61.059	23.647	0.032	25.100
2015-06-14 10:05:00	1349251	62.230	23.678	0.029	25.101
2015-06-14 10:06:00	1349252	62.233	23.731	0.019	25.120
2015-06-14 10:07:00	1349253	60.989	23.728	0.019	25.118
2015-06-14 10:08:00	1349254	60.403	23.726	0.023	25.117
2015-06-14 10:09:00	1349255	62.092	23.750	0.027	25.133
2015-06-14 10:10:00	1349256	63.937	23.754	0.026	25.140
2015-06-14 10:11:00	1349257	64.820	23.766	0.027	25.140
2015-06-14 10:12:00	1349258	67.399	23.766	0.025	25.139
2015-06-14 10:13:00	1349259	69.198	23.753	0.027	25.136
2015-06-14 10:14:00	1349260	70.586	23.831	0.028	25.172
2015-06-14 10:15:00	1349261	73.099	23.896	0.023	25.196
2015-06-14 10:16:00	1349262	77.266	23.936	0.026	25.214
2015-06-14 10:17:00	1349263	81.433	23.957	0.026	25.222
2015-06-14 10:18:00	1349264	84.414	23.962	0.026	25.213
2015-06-14 10:19:00	1349265	87.339	23.971	0.028	25.211
2015-06-14 10:20:00	1349266	89.572	23.967	0.025	25.209
2015-06-14 10:21:00	1349267	90.385	23.990	0.026	25.217
2015-06-14 10:22:00	1349268	89.304	24.017	0.027	25.229
2015-06-14 10:23:00	1349269	93.610	24.022	0.027	25.228
2015-06-14 10:24:00	1349270	96.509	24.049	0.026	25.235
2015-06-14 10:25:00	1349271	97.743	24.050	0.027	25.241
2015-06-14 10:26:00	1349272	97.716	24.083	0.026	25.243
2015-06-14 10:27:00	1349273	97.723	24.124	0.027	25.252
2015-06-14 10:28:00	1349274	99.249	24.130	0.027	25.260
2015-06-14 10:29:00	1349275	100.421	24.158	0.028	25.275
2015-06-14 10:30:00	1349276	101.070	24.084	0.027	25.259
2015-06-14 10:31:00	1349277	101.394	24.126	0.028	25.268
2015-06-14 10:32:00	1349278	105.249	24.204	0.029	25.291
2015-06-14 10:33:00	1349279	106.643	24.282	0.026	25.297
2015-06-14 10:34:00	1349280	106.634	24.396	0.024	25.326
2015-06-14 10:35:00	1349281	105.723	24.380	0.029	25.332
2015-06-14 10:36:00	1349282	108.852	24.329	0.027	25.322
2015-06-14 10:37:00	1349283	112.563	24.348	0.027	25.324
2015-06-14 10:38:00	1349284	118.098	24.456	0.031	25.343
2015-06-14 10:39:00	1349285	121.895	24.612	0.029	25.383
2015-06-14 10:40:00	1349286	119.129	24.642	0.028	25.397
2015-06-14 10:41:00	1349287	119.509	24.635	0.027	25.406
2015-06-14 10:42:00	1349288	127.588	24.627	0.028	25.422
2015-06-14 10:43:00	1349289	134.690	24.639	0.026	25.412
2015-06-14 10:44:00	1349290	142.688	24.654	0.027	25.416
2015-06-14 10:45:00	1349291	151.671	24.671	0.027	25.410
2015-06-14 10:46:00	1349292	160.100	24.823	0.029	25.424
2015-06-14 10:47:00	1349293	167.593	24.915	0.028	25.441
2015-06-14 10:48:00	1349294	167.744	25.028	0.028	25.455
2015-06-14 10:49:00	1349295	175.070	25.162	0.031	25.488
2015-06-14 10:50:00	1349296	180.530	25.271	0.027	25.495
2015-06-14 10:51:00	1349297	182.952	25.512	0.027	25.543
2015-06-14 10:52:00	1349298	188.530	25.592	0.029	25.562
2015-06-14 10:53:00	1349299	180.559	25.668	0.029	25.561
2015-06-14 10:54:00	1349300	182.617	25.705	0.029	25.586
2015-06-14 10:55:00	1349301	187.199	25.911	0.028	25.639
2015-06-14 10:56:00	1349302	183.267	25.903	0.026	25.647
2015-06-14 10:57:00	1349303	192.694	25.875	0.028	25.638
2015-06-14 10:58:00	1349304	203.972	26.159	0.030	25.686
2015-06-14 10:59:00	1349305	206.983	26.273	0.029	25.743
2015-06-14 11:00:00	1349306	206.103	26.122	0.027	25.730
2015-06-14 11:01:00	1349307	205.699	25.898	0.028	25.701
2015-06-14 11:02:00	1349308	202.516	25.901	0.027	25.715
2015-06-14 11:03:00	1349309	200.563	25.892	0.028	25.735
2015-06-14 11:04:00	1349310	183.999	26.014	0.028	25.782
2015-06-14 11:05:00	1349311	181.770	26.181	0.030	25.842
2015-06-14 11:06:00	1349312	189.726	26.082	0.028	25.838
2015-06-14 11:07:00	1349313	196.767	26.005	0.028	25.845
2015-06-14 11:08:00	1349314	194.067	25.976	0.029	25.856
2015-06-14 11:09:00	1349315	183.038	25.898	0.027	25.847
2015-06-14 11:10:00	1349316	178.673	25.779	0.023	25.844
2015-06-14 11:11:00	1349317	184.091	25.722	0.027	25.845
2015-06-14 11:12:00	1349318	166.810	25.825	0.028	25.870
2015-06-14 11:13:00	1349319	175.968	25.939	0.028	25.903
2015-06-14 11:14:00	1349320	197.565	26.081	0.028	25.935
2015-06-14 11:15:00	1349321	205.320	26.107	0.030	25.929
2015-06-14 11:16:00	1349322	207.740	26.127	0.028	25.920
2015-06-14 11:17:00	1349323	205.700	26.223	0.025	25.948
2015-06-14 11:18:00	1349324	205.782	26.180	0.021	25.962
2015-06-14 11:19:00	1349325	202.794	25.983	0.023	25.922
2015-06-14 11:20:00	1349326	183.580	25.972	0.027	25.898
2015-06-14 11:21:00	1349327	164.784	25.878	0.026	25.913
2015-06-14 11:22:00	1349328	172.349	25.859	0.032	25.933
2015-06-14 11:23:00	1349329	175.077	25.983	0.022	25.954
2015-06-14 11:24:00	1349330	177.175	26.017	0.031	25.968
2015-06-14 11:25:00	1349331	189.983	26.128	0.028	25.993
2015-06-14 11:26:00	1349332	196.960	26.268	0.030	26.022
2015-06-14 11:27:00	1349333	210.903	26.326	0.027	26.020
2015-06-14 11:28:00	1349334	229.709	26.456	0.030	26.015
2015-06-14 11:29:00	1349335	237.788	26.694	0.029	26.042
2015-06-14 11:30:00	1349336	245.113	26.844	0.034	26.057
2015-06-14 11:31:00	1349337	259.936	27.141	0.031	26.086
2015-06-14 11:32:00	1349338	261.977	27.426	0.029	26.089
2015-06-14 11:33:00	1349339	266.364	27.543	0.026	26.071
2015-06-14 11:34:00	1349340	260.776	27.874	0.030	26.086
2015-06-14 11:35:00	1349341	267.032	28.300	0.036	26.141
2015-06-14 11:36:00	1349342	276.315	28.460	0.029	26.176
2015-06-14 11:37:00	1349343	280.614	28.417	0.026	26.143
2015-06-14 11:38:00	1349344	285.711	28.460	0.033	26.134
2015-06-14 11:39:00	1349345	288.869	28.559	0.031	26.124
2015-06-14 11:40:00	1349346	296.396	28.598	0.030	26.130
2015-06-14 11:41:00	1349347	304.795	28.813	0.029	26.170
2015-06-14 11:42:00	1349348	313.004	29.096	0.025	26.224
2015-06-14 11:43:00	1349349	320.986	29.220	0.032	26.208
2015-06-14 11:44:00	1349350	323.203	29.477	0.030	26.120
2015-06-14 11:45:00	1349351	326.503	29.724	0.034	26.141
2015-06-14 11:46:00	1349352	330.780	29.829	0.038	26.226
2015-06-14 11:47:00	1349353	333.352	30.165	0.028	26.336
2015-06-14 11:48:00	1349354	333.804	30.504	0.030	26.393
2015-06-14 11:49:00	1349355	335.175	30.568	0.030	26.406
2015-06-14 11:50:00	1349356	335.110	30.584	0.032	26.411
2015-06-14 11:51:00	1349357	334.978	30.865	0.029	26.400
2015-06-14 11:52:00	1349358	333.331	31.080	0.029	26.420
2015-06-14 11:53:00	1349359	331.969	31.268	0.032	26.425
2015-06-14 11:54:00	1349360	330.622	31.462	0.033	26.432
2015-06-14 11:55:00	1349361	330.244	31.525	0.032	26.425
2015-06-14 11:56:00	1349362	330.808	31.498	0.030	26.481
2015-06-14 11:57:00	1349363	333.168	31.659	0.031	26.441
2015-06-14 11:58:00	1349364	337.200	31.827	0.022	26.559
2015-06-14 11:59:00	1349365	341.897	31.912	0.027	26.637
2015-06-14 12:00:00	1349366	346.168	32.067	0.030	26.678
2015-06-14 12:01:00	1349367	349.668	32.226	0.027	26.529
2015-06-14 12:02:00	1349368	352.475	32.316	0.028	26.541
2015-06-14 12:03:00	1349369	353.833	32.139	0.030	26.623
2015-06-14 12:04:00	1349370	349.012	32.222	0.032	26.669
2015-06-14 12:05:00	1349371	333.780	32.073	0.036	26.646
2015-06-14 12:06:00	1349372	330.974	32.004	0.032	26.627
2015-06-14 12:07:00	1349373	336.602	32.180	0.029	26.697
2015-06-14 12:08:00	1349374	342.453	32.239	0.031	26.704
2015-06-14 12:09:00	1349375	344.244	32.115	0.032	26.617
2015-06-14 12:10:00	1349376	341.297	32.126	0.032	26.710
2015-06-14 12:11:00	1349377	328.341	32.351	0.025	26.608
2015-06-14 12:12:00	1349378	318.470	32.220	0.031	26.604
2015-06-14 12:13:00	1349379	313.433	31.858	0.032	26.655
2015-06-14 12:14:00	1349380	319.631	31.908	0.026	26.601
2015-06-14 12:15:00	1349381	331.075	32.099	0.029	26.544
2015-06-14 12:16:00	1349382	330.951	31.860	0.036	26.601
2015-06-14 12:17:00	1349383	326.825	31.680	0.029	26.708
2015-06-14 12:18:00	1349384	312.915	31.748	0.030	26.746
2015-06-14 12:19:00	1349385	316.304	32.211	0.026	26.791
2015-06-14 12:20:00	1349386	326.751	32.323	0.029	26.812
2015-06-14 12:21:00	1349387	333.899	32.289	0.030	26.799
2015-06-14 12:22:00	1349388	336.353	32.299	0.031	26.867
2015-06-14 12:23:00	1349389	330.582	32.258	0.028	26.817
2015-06-14 12:24:00	1349390	322.187	32.430	0.033	26.864
2015-06-14 12:25:00	1349391	310.543	32.611	0.028	26.848
2015-06-14 12:26:00	1349392	283.052	32.453	0.028	26.832
2015-06-14 12:27:00	1349393	257.530	32.271	0.028	26.806
2015-06-14 12:28:00	1349394	239.056	32.291	0.030	26.784
2015-06-14 12:29:00	1349395	244.786	32.164	0.026	26.875
2015-06-14 12:30:00	1349396	270.450	32.240	0.029	26.983
2015-06-14 12:31:00	1349397	276.779	32.187	0.029	26.928
2015-06-14 12:32:00	1349398	267.669	32.149	0.022	26.993
2015-06-14 12:33:00	1349399	254.258	32.505	0.031	26.960
2015-06-14 12:34:00	1349400	219.044	32.517	0.030	27.041
2015-06-14 12:35:00	1349401	213.887	32.185	0.031	27.091
2015-06-14 12:36:00	1349402	210.365	31.836	0.028	27.067
2015-06-14 12:37:00	1349403	207.390	31.530	0.028	27.127
2015-06-14 12:38:00	1349404	219.844	31.259	0.031	27.138
2015-06-14 12:39:00	1349405	216.769	31.011	0.024	27.072
2015-06-14 12:40:00	1349406	226.549	30.941	0.023	26.965
2015-06-14 12:41:00	1349407	209.402	31.070	0.020	26.946
2015-06-14 12:42:00	1349408	188.586	31.094	0.022	26.954
2015-06-14 12:43:00	1349409	195.305	30.973	0.025	27.058
2015-06-14 12:44:00	1349410	177.664	30.758	0.022	27.027
2015-06-14 12:45:00	1349411	171.435	30.413	0.028	27.036
2015-06-14 12:46:00	1349412	191.124	30.188	0.028	27.046
2015-06-14 12:47:00	1349413	186.981	30.180	0.028	26.990
2015-06-14 12:48:00	1349414	201.772	30.066	0.030	26.898
2015-06-14 12:49:00	1349415	187.280	29.923	0.028	26.850
2015-06-14 12:50:00	1349416	186.747	29.898	0.029	26.880
2015-06-14 12:51:00	1349417	208.759	29.850	0.024	26.899
2015-06-14 12:52:00	1349418	190.945	29.725	0.030	26.858
2015-06-14 12:53:00	1349419	187.889	29.537	0.026	26.827
2015-06-14 12:54:00	1349420	203.686	29.578	0.025	26.808
2015-06-14 12:55:00	1349421	221.002	29.718	0.027	26.791
2015-06-14 12:56:00	1349422	228.686	29.857	0.029	26.760
2015-06-14 12:57:00	1349423	208.454	30.063	0.023	26.826
2015-06-14 12:58:00	1349424	179.192	30.071	0.027	26.863
2015-06-14 12:59:00	1349425	167.109	30.068	0.029	26.894
2015-06-14 13:00:00	1349426	182.302	29.889	0.031	26.940
2015-06-14 13:01:00	1349427	220.278	29.883	0.024	26.941
2015-06-14 13:02:00	1349428	254.480	30.094	0.032	26.925
2015-06-14 13:03:00	1349429	264.204	30.208	0.032	26.976
2015-06-14 13:04:00	1349430	260.671	30.318	0.031	26.981
2015-06-14 13:05:00	1349431	244.998	30.425	0.028	26.975
2015-06-14 13:06:00	1349432	248.212	30.572	0.030	27.013
2015-06-14 13:07:00	1349433	286.012	30.852	0.027	27.016
2015-06-14 13:08:00	1349434	305.234	31.335	0.035	27.075
2015-06-14 13:09:00	1349435	301.821	31.618	0.027	27.125
2015-06-14 13:10:00	1349436	297.289	31.471	0.030	27.125
2015-06-14 13:11:00	1349437	321.961	31.485	0.032	27.122
2015-06-14 13:12:00	1349438	341.220	31.777	0.028	27.113
2015-06-14 13:13:00	1349439	359.052	32.164	0.030	27.065
2015-06-14 13:14:00	1349440	361.350	32.395	0.029	27.085
2015-06-14 13:15:00	1349441	354.659	32.370	0.027	27.090
2015-06-14 13:16:00	1349442	349.429	32.338	0.031	27.044
2015-06-14 13:17:00	1349443	350.976	32.342	0.032	27.004
2015-06-14 13:18:00	1349444	348.946	32.475	0.030	27.063
2015-06-14 13:19:00	1349445	346.183	32.720	0.035	27.162
2015-06-14 13:20:00	1349446	339.535	32.564	0.027	27.154
2015-06-14 13:21:00	1349447	334.045	32.325	0.032	27.178
2015-06-14 13:22:00	1349448	340.571	32.403	0.031	27.248
2015-06-14 13:23:00	1349449	341.423	32.397	0.033	27.303
2015-06-14 13:24:00	1349450	340.079	32.527	0.028	27.301
2015-06-14 13:25:00	1349451	336.573	32.494	0.037	27.345
2015-06-14 13:26:00	1349452	330.809	32.508	0.029	27.366
2015-06-14 13:27:00	1349453	326.444	32.223	0.031	27.363
2015-06-14 13:28:00	1349454	321.715	31.994	0.031	27.344
2015-06-14 13:29:00	1349455	317.812	31.864	0.032	27.351
2015-06-14 13:30:00	1349456	317.244	31.795	0.029	27.359
2015-06-14 13:31:00	1349457	314.898	31.671	0.031	27.355
2015-06-14 13:32:00	1349458	314.827	31.883	0.026	27.375
2015-06-14 13:33:00	1349459	315.394	31.924	0.031	27.386
2015-06-14 13:34:00	1349460	316.421	31.882	0.028	27.390
2015-06-14 13:35:00	1349461	317.143	32.189	0.022	27.419
2015-06-14 13:36:00	1349462	318.276	32.287	0.030	27.446
2015-06-14 13:37:00	1349463	320.529	32.134	0.029	27.460
2015-06-14 13:38:00	1349464	322.608	32.368	0.029	27.504
2015-06-14 13:39:00	1349465	325.516	32.652	0.021	27.552
2015-06-14 13:40:00	1349466	328.093	32.472	0.024	27.557
2015-06-14 13:41:00	1349467	330.189	32.325	0.028	27.547
2015-06-14 13:42:00	1349468	331.470	32.259	0.032	27.545
2015-06-14 13:43:00	1349469	332.286	32.314	0.038	27.585
2015-06-14 13:44:00	1349470	333.131	32.525	0.029	27.618
2015-06-14 13:45:00	1349471	333.897	32.776	0.023	27.665
2015-06-14 13:46:00	1349472	333.980	32.957	0.030	27.703
2015-06-14 13:47:00	1349473	333.873	32.928	0.030	27.718
2015-06-14 13:48:00	1349474	333.658	32.860	0.027	27.725
2015-06-14 13:49:00	1349475	333.570	32.938	0.030	27.758
2015-06-14 13:50:00	1349476	333.532	33.364	0.031	27.805
2015-06-14 13:51:00	1349477	333.226	33.514	0.027	27.848
2015-06-14 13:52:00	1349478	331.710	33.289	0.030	27.851
2015-06-14 13:53:00	1349479	329.071	33.212	0.026	27.861
2015-06-14 13:54:00	1349480	325.360	33.204	0.030	27.877
2015-06-14 13:55:00	1349481	321.048	33.474	0.035	27.920
2015-06-14 13:56:00	1349482	316.349	33.291	0.032	27.933
2015-06-14 13:57:00	1349483	311.881	33.069	0.029	27.914
2015-06-14 13:58:00	1349484	308.157	33.152	0.029	27.948
2015-06-14 13:59:00	1349485	305.313	33.179	0.030	27.945
2015-06-14 14:00:00	1349486	303.290	33.065	0.031	27.944
2015-06-14 14:01:00	1349487	302.220	33.107	0.032	27.941
2015-06-14 14:02:00	1349488	302.203	33.317	0.031	27.966
2015-06-14 14:03:00	1349489	302.956	33.274	0.031	27.995
2015-06-14 14:04:00	1349490	304.010	33.557	0.032	28.017
2015-06-14 14:05:00	1349491	304.641	33.875	0.031	28.103
2015-06-14 14:06:00	1349492	303.932	33.979	0.030	28.144
2015-06-14 14:07:00	1349493	301.563	34.009	0.030	28.174
2015-06-14 14:08:00	1349494	297.351	34.240	0.027	28.219
2015-06-14 14:09:00	1349495	292.656	34.217	0.030	28.267
2015-06-14 14:10:00	1349496	286.323	33.903	0.030	28.260
2015-06-14 14:11:00	1349497	279.527	33.678	0.030	28.233
2015-06-14 14:12:00	1349498	271.991	33.504	0.031	28.221
2015-06-14 14:13:00	1349499	259.229	33.390	0.028	28.214
2015-06-14 14:14:00	1349500	251.680	33.313	0.030	28.190
2015-06-14 14:15:00	1349501	247.382	33.410	0.028	28.223
2015-06-14 14:16:00	1349502	243.065	33.257	0.029	28.259
2015-06-14 14:17:00	1349503	239.449	32.929	0.029	28.197
2015-06-14 14:18:00	1349504	236.299	32.663	0.029	28.180
2015-06-14 14:19:00	1349505	233.602	32.310	0.023	28.146
2015-06-14 14:20:00	1349506	229.458	31.967	0.030	28.095
2015-06-14 14:21:00	1349507	226.265	31.961	0.028	28.088
2015-06-14 14:22:00	1349508	220.514	31.722	0.031	28.024
2015-06-14 14:23:00	1349509	213.235	31.183	0.028	27.981
2015-06-14 14:24:00	1349510	206.849	30.898	0.025	27.944
2015-06-14 14:25:00	1349511	200.782	30.769	0.029	27.918
2015-06-14 14:26:00	1349512	195.923	30.558	0.030	27.859
2015-06-14 14:27:00	1349513	193.568	30.558	0.031	27.846
2015-06-14 14:28:00	1349514	189.283	30.557	0.029	27.836
2015-06-14 14:29:00	1349515	182.253	30.477	0.025	27.832
2015-06-14 14:30:00	1349516	170.246	30.546	0.032	27.857
2015-06-14 14:31:00	1349517	160.372	30.347	0.028	27.853
2015-06-14 14:32:00	1349518	155.572	30.065	0.026	27.840
2015-06-14 14:33:00	1349519	162.019	29.884	0.028	27.830
2015-06-14 14:34:00	1349520	173.497	29.673	0.027	27.801
2015-06-14 14:35:00	1349521	178.321	29.648	0.024	27.773
2015-06-14 14:36:00	1349522	182.372	29.691	0.029	27.757
2015-06-14 14:37:00	1349523	187.661	29.722	0.027	27.751
2015-06-14 14:38:00	1349524	189.448	29.832	0.031	27.758
2015-06-14 14:39:00	1349525	190.453	29.911	0.027	27.765
2015-06-14 14:40:00	1349526	190.515	29.849	0.028	27.746
2015-06-14 14:41:00	1349527	190.490	29.905	0.029	27.742
2015-06-14 14:42:00	1349528	190.144	29.929	0.027	27.738
2015-06-14 14:43:00	1349529	189.861	30.116	0.028	27.718
2015-06-14 14:44:00	1349530	189.098	30.113	0.035	27.715
2015-06-14 14:45:00	1349531	188.422	30.024	0.031	27.704
2015-06-14 14:46:00	1349532	187.574	29.868	0.026	27.696
2015-06-14 14:47:00	1349533	185.997	29.790	0.030	27.687
2015-06-14 14:48:00	1349534	184.357	29.778	0.023	27.677
2015-06-14 14:49:00	1349535	182.077	29.806	0.030	27.663
2015-06-14 14:50:00	1349536	180.033	29.765	0.028	27.658
2015-06-14 14:51:00	1349537	178.221	29.918	0.027	27.687
2015-06-14 14:52:00	1349538	175.720	30.011	0.029	27.688
2015-06-14 14:53:00	1349539	172.342	30.123	0.028	27.707
2015-06-14 14:54:00	1349540	170.172	30.286	0.030	27.733
2015-06-14 14:55:00	1349541	164.504	30.046	0.029	27.693
2015-06-14 14:56:00	1349542	154.984	29.868	0.026	27.681
2015-06-14 14:57:00	1349543	152.703	29.745	0.026	27.683
2015-06-14 14:58:00	1349544	155.792	29.732	0.028	27.678
2015-06-14 14:59:00	1349545	158.783	29.773	0.028	27.692
2015-06-14 15:00:00	1349546	161.720	29.649	0.028	27.667
2015-06-14 15:01:00	1349547	151.970	29.576	0.027	27.666
2015-06-14 15:02:00	1349548	137.323	29.419	0.027	27.625
2015-06-14 15:03:00	1349549	130.848	29.329	0.026	27.611
2015-06-14 15:04:00	1349550	137.122	29.200	0.032	27.614
2015-06-14 15:05:00	1349551	161.503	29.288	0.028	27.621
2015-06-14 15:06:00	1349552	176.165	29.281	0.024	27.616
2015-06-14 15:07:00	1349553	180.199	29.391	0.027	27.606
2015-06-14 15:08:00	1349554	184.585	29.502	0.026	27.601
2015-06-14 15:09:00	1349555	190.897	29.536	0.031	27.600
2015-06-14 15:10:00	1349556	194.830	29.694	0.026	27.608
2015-06-14 15:11:00	1349557	197.946	29.786	0.028	27.617
2015-06-14 15:12:00	1349558	201.355	29.749	0.032	27.608
2015-06-14 15:13:00	1349559	205.942	29.765	0.034	27.610
2015-06-14 15:14:00	1349560	208.791	29.821	0.028	27.618
2015-06-14 15:15:00	1349561	209.569	29.885	0.029	27.623
2015-06-14 15:16:00	1349562	209.805	29.983	0.027	27.637
2015-06-14 15:17:00	1349563	210.867	30.061	0.027	27.639
2015-06-14 15:18:00	1349564	212.437	30.216	0.029	27.655
2015-06-14 15:19:00	1349565	212.650	30.365	0.028	27.674
2015-06-14 15:20:00	1349566	213.725	30.220	0.029	27.670
2015-06-14 15:21:00	1349567	215.364	30.165	0.025	27.662
2015-06-14 15:22:00	1349568	215.201	30.092	0.027	27.648
2015-06-14 15:23:00	1349569	218.682	30.182	0.029	27.640
2015-06-14 15:24:00	1349570	215.339	30.294	0.029	27.644
2015-06-14 15:25:00	1349571	206.352	30.118	0.028	27.634
2015-06-14 15:26:00	1349572	200.969	30.098	0.024	27.629
2015-06-14 15:27:00	1349573	180.332	29.869	0.022	27.606
2015-06-14 15:28:00	1349574	168.384	29.865	0.026	27.605
2015-06-14 15:29:00	1349575	175.520	29.760	0.028	27.596
2015-06-14 15:30:00	1349576	172.684	29.657	0.026	27.576
2015-06-14 15:31:00	1349577	162.545	29.522	0.027	27.560
2015-06-14 15:32:00	1349578	173.456	29.430	0.027	27.560
2015-06-14 15:33:00	1349579	175.554	29.334	0.029	27.541
2015-06-14 15:34:00	1349580	170.605	29.240	0.033	27.506
2015-06-14 15:35:00	1349581	169.328	29.394	0.025	27.503
2015-06-14 15:36:00	1349582	180.524	29.458	0.033	27.517
2015-06-14 15:37:00	1349583	184.310	29.515	0.028	27.535
2015-06-14 15:38:00	1349584	183.173	29.672	0.026	27.557
2015-06-14 15:39:00	1349585	206.964	29.867	0.030	27.568
2015-06-14 15:40:00	1349586	230.493	30.210	0.029	27.607
2015-06-14 15:41:00	1349587	232.548	30.248	0.026	27.610
2015-06-14 15:42:00	1349588	223.058	30.328	0.029	27.609
2015-06-14 15:43:00	1349589	229.918	30.475	0.029	27.602
2015-06-14 15:44:00	1349590	235.754	30.722	0.029	27.624
2015-06-14 15:45:00	1349591	231.243	30.965	0.029	27.658
2015-06-14 15:46:00	1349592	225.338	31.009	0.028	27.674
2015-06-14 15:47:00	1349593	215.066	30.977	0.029	27.680
2015-06-14 15:48:00	1349594	238.389	31.276	0.027	27.703
2015-06-14 15:49:00	1349595	253.394	31.584	0.030	27.746
2015-06-14 15:50:00	1349596	259.614	31.831	0.029	27.781
2015-06-14 15:51:00	1349597	258.542	31.630	0.028	27.757
2015-06-14 15:52:00	1349598	259.046	31.426	0.028	27.714
2015-06-14 15:53:00	1349599	258.020	31.078	0.028	27.666
2015-06-14 15:54:00	1349600	263.087	31.146	0.028	27.654
2015-06-14 15:55:00	1349601	272.843	31.379	0.029	27.677
2015-06-14 15:56:00	1349602	275.229	31.366	0.029	27.686
2015-06-14 15:57:00	1349603	272.455	31.405	0.029	27.673
2015-06-14 15:58:00	1349604	269.045	31.574	0.030	27.691
2015-06-14 15:59:00	1349605	260.513	31.510	0.029	27.701
2015-06-14 16:00:00	1349606	250.976	31.410	0.028	27.697
2015-06-14 16:01:00	1349607	244.903	31.326	0.030	27.695
2015-06-14 16:02:00	1349608	250.202	31.191	0.029	27.691
2015-06-14 16:03:00	1349609	256.227	31.097	0.030	27.679
2015-06-14 16:04:00	1349610	242.238	30.831	0.028	27.642
2015-06-14 16:05:00	1349611	205.188	30.642	0.029	27.619
2015-06-14 16:06:00	1349612	183.547	30.411	0.029	27.592
2015-06-14 16:07:00	1349613	183.658	30.127	0.022	27.576
2015-06-14 16:08:00	1349614	203.378	30.000	0.028	27.548
2015-06-14 16:09:00	1349615	229.618	30.146	0.027	27.553
2015-06-14 16:10:00	1349616	227.925	30.262	0.029	27.534
2015-06-14 16:11:00	1349617	220.142	30.263	0.028	27.534
2015-06-14 16:12:00	1349618	205.083	30.073	0.026	27.522
2015-06-14 16:13:00	1349619	204.432	29.962	0.026	27.526
2015-06-14 16:14:00	1349620	199.517	29.983	0.031	27.521
2015-06-14 16:15:00	1349621	199.395	29.999	0.029	27.531
2015-06-14 16:16:00	1349622	214.863	30.056	0.032	27.539
2015-06-14 16:17:00	1349623	220.669	30.037	0.028	27.544
2015-06-14 16:18:00	1349624	210.743	30.099	0.027	27.543
2015-06-14 16:19:00	1349625	202.895	30.055	0.027	27.543
2015-06-14 16:20:00	1349626	193.435	30.055	0.027	27.559
2015-06-14 16:21:00	1349627	196.576	30.057	0.030	27.562
2015-06-14 16:22:00	1349628	199.801	30.204	0.024	27.568
2015-06-14 16:23:00	1349629	193.976	30.274	0.025	27.566
2015-06-14 16:24:00	1349630	188.454	30.387	0.028	27.584
2015-06-14 16:25:00	1349631	189.367	30.491	0.030	27.614
2015-06-14 16:26:00	1349632	192.743	30.621	0.025	27.650
2015-06-14 16:27:00	1349633	194.183	30.405	0.029	27.642
2015-06-14 16:28:00	1349634	195.443	30.179	0.026	27.541
2015-06-14 16:29:00	1349635	188.655	30.027	0.028	27.543
2015-06-14 16:30:00	1349636	173.850	29.824	0.022	27.541
2015-06-14 16:31:00	1349637	161.977	29.685	0.030	27.515
2015-06-14 16:32:00	1349638	152.639	29.508	0.027	27.511
2015-06-14 16:33:00	1349639	130.507	29.314	0.029	27.487
2015-06-14 16:34:00	1349640	110.911	29.123	0.025	27.502
2015-06-14 16:35:00	1349641	122.124	29.026	0.028	27.509
2015-06-14 16:36:00	1349642	140.337	29.138	0.026	27.528
2015-06-14 16:37:00	1349643	152.393	29.200	0.027	27.539
2015-06-14 16:38:00	1349644	155.446	29.269	0.034	27.539
2015-06-14 16:39:00	1349645	148.801	29.297	0.024	27.538
2015-06-14 16:40:00	1349646	145.892	29.104	0.023	27.509
2015-06-14 16:41:00	1349647	152.682	29.151	0.021	27.521
2015-06-14 16:42:00	1349648	157.741	29.128	0.027	27.519
2015-06-14 16:43:00	1349649	158.555	29.138	0.028	27.489
2015-06-14 16:44:00	1349650	157.607	29.097	0.022	27.446
2015-06-14 16:45:00	1349651	155.814	29.030	0.029	27.428
2015-06-14 16:46:00	1349652	154.703	29.066	0.029	27.419
2015-06-14 16:47:00	1349653	152.570	29.061	0.027	27.400
2015-06-14 16:48:00	1349654	150.744	29.043	0.027	27.389
2015-06-14 16:49:00	1349655	143.796	29.088	0.028	27.382
2015-06-14 16:50:00	1349656	125.362	28.989	0.030	27.394
2015-06-14 16:51:00	1349657	104.250	28.753	0.026	27.383
2015-06-14 16:52:00	1349658	98.572	28.609	0.026	27.379
2015-06-14 16:53:00	1349659	103.629	28.443	0.026	27.362
2015-06-14 16:54:00	1349660	117.446	28.434	0.026	27.363
2015-06-14 16:55:00	1349661	123.510	28.518	0.027	27.353
2015-06-14 16:56:00	1349662	126.468	28.535	0.026	27.351
2015-06-14 16:57:00	1349663	129.401	28.538	0.027	27.355
2015-06-14 16:58:00	1349664	128.127	28.622	0.026	27.368
2015-06-14 16:59:00	1349665	130.547	28.604	0.028	27.371
2015-06-14 17:00:00	1349666	137.768	28.554	0.026	27.362
2015-06-14 17:01:00	1349667	142.154	28.455	0.027	27.338
2015-06-14 17:02:00	1349668	144.823	28.483	0.027	27.323
2015-06-14 17:03:00	1349669	148.129	28.485	0.028	27.312
2015-06-14 17:04:00	1349670	148.905	28.494	0.027	27.311
2015-06-14 17:05:00	1349671	146.594	28.593	0.028	27.316
2015-06-14 17:06:00	1349672	142.221	28.579	0.026	27.311
2015-06-14 17:07:00	1349673	134.825	28.427	0.027	27.290
2015-06-14 17:08:00	1349674	125.128	28.279	0.027	27.266
2015-06-14 17:09:00	1349675	128.414	28.207	0.025	27.247
2015-06-14 17:10:00	1349676	136.053	28.292	0.028	27.252
2015-06-14 17:11:00	1349677	136.791	28.428	0.026	27.259
2015-06-14 17:12:00	1349678	134.337	28.497	0.034	27.266
2015-06-14 17:13:00	1349679	133.423	28.429	0.033	27.250
2015-06-14 17:14:00	1349680	131.752	28.403	0.028	27.237
2015-06-14 17:15:00	1349681	126.353	28.446	0.022	27.245
2015-06-14 17:16:00	1349682	119.455	28.323	0.028	27.237
2015-06-14 17:17:00	1349683	115.043	28.209	0.022	27.241
2015-06-14 17:18:00	1349684	109.966	28.120	0.027	27.235
2015-06-14 17:19:00	1349685	101.295	28.070	0.025	27.240
2015-06-14 17:20:00	1349686	91.887	28.026	0.027	27.237
2015-06-14 17:21:00	1349687	89.174	27.889	0.029	27.240
2015-06-14 17:22:00	1349688	85.383	27.832	0.026	27.231
2015-06-14 17:23:00	1349689	86.128	27.672	0.025	27.206
2015-06-14 17:24:00	1349690	89.079	27.591	0.028	27.197
2015-06-14 17:25:00	1349691	90.736	27.510	0.026	27.176
2015-06-14 17:26:00	1349692	93.807	27.439	0.028	27.164
2015-06-14 17:27:00	1349693	95.363	27.470	0.025	27.164
2015-06-14 17:28:00	1349694	94.646	27.460	0.026	27.146
2015-06-14 17:29:00	1349695	90.342	27.444	0.028	27.137
2015-06-14 17:30:00	1349696	83.936	27.483	0.026	27.136
2015-06-14 17:31:00	1349697	82.369	27.455	0.026	27.145
2015-06-14 17:32:00	1349698	80.528	27.419	0.028	27.143
2015-06-14 17:33:00	1349699	77.385	27.316	0.028	27.126
2015-06-14 17:34:00	1349700	75.073	27.246	0.026	27.105
2015-06-14 17:35:00	1349701	71.003	27.198	0.028	27.090
2015-06-14 17:36:00	1349702	70.607	27.102	0.025	27.072
2015-06-14 17:37:00	1349703	71.604	26.973	0.027	27.035
2015-06-14 17:38:00	1349704	70.170	26.851	0.024	26.996
2015-06-14 17:39:00	1349705	66.492	26.835	0.026	26.996
2015-06-14 17:40:00	1349706	58.311	26.785	0.027	26.977
2015-06-14 17:41:00	1349707	50.444	26.682	0.023	26.972
2015-06-14 17:42:00	1349708	47.740	26.585	0.026	26.944
2015-06-14 17:43:00	1349709	42.079	26.516	0.026	26.935
2015-06-14 17:44:00	1349710	39.088	26.458	0.025	26.924
2015-06-14 17:45:00	1349711	42.544	26.432	0.023	26.926
2015-06-14 17:46:00	1349712	45.092	26.401	0.020	26.928
2015-06-14 17:47:00	1349713	46.836	26.402	0.030	26.924
2015-06-14 17:48:00	1349714	47.527	26.390	0.027	26.935
2015-06-14 17:49:00	1349715	47.137	26.391	0.026	26.949
2015-06-14 17:50:00	1349716	46.872	26.405	0.019	26.943
2015-06-14 17:51:00	1349717	45.512	26.414	0.029	26.968
2015-06-14 17:52:00	1349718	44.327	26.383	0.024	26.980
2015-06-14 17:53:00	1349719	42.925	26.383	0.030	26.970
2015-06-14 17:54:00	1349720	41.450	26.382	0.025	26.979
2015-06-14 17:55:00	1349721	40.507	26.348	0.026	26.974
2015-06-14 17:56:00	1349722	40.344	26.322	0.024	26.972
2015-06-14 17:57:00	1349723	39.626	26.310	0.026	26.975
2015-06-14 17:58:00	1349724	38.981	26.305	0.023	26.983
2015-06-14 17:59:00	1349725	38.391	26.284	0.024	26.971
2015-06-14 18:00:00	1349726	37.756	26.237	0.024	26.939
2015-06-14 18:01:00	1349727	37.212	26.188	0.025	26.910
2015-06-14 18:02:00	1349728	36.610	26.142	0.027	26.891
2015-06-14 18:03:00	1349729	36.171	26.115	0.021	26.888
2015-06-14 18:04:00	1349730	35.478	26.085	0.029	26.873
2015-06-14 18:05:00	1349731	34.948	26.060	0.024	26.878
2015-06-14 18:06:00	1349732	34.468	26.057	0.028	26.892
2015-06-14 18:07:00	1349733	34.205	26.063	0.025	26.901
2015-06-14 18:08:00	1349734	33.947	26.032	0.028	26.888
2015-06-14 18:09:00	1349735	33.651	25.983	0.028	26.882
2015-06-14 18:10:00	1349736	33.276	25.963	0.026	26.876
2015-06-14 18:11:00	1349737	33.016	25.947	0.027	26.870
2015-06-14 18:12:00	1349738	32.745	25.948	0.026	26.871
2015-06-14 18:13:00	1349739	31.749	25.921	0.027	26.861
2015-06-14 18:14:00	1349740	30.578	25.905	0.025	26.850
2015-06-14 18:15:00	1349741	31.406	25.889	0.026	26.851
2015-06-14 18:16:00	1349742	31.945	25.878	0.025	26.844
2015-06-14 18:17:00	1349743	30.882	25.876	0.025	26.853
2015-06-14 18:18:00	1349744	29.612	25.882	0.025	26.851
2015-06-14 18:19:00	1349745	29.829	25.874	0.025	26.852
2015-06-14 18:20:00	1349746	29.247	25.873	0.025	26.851
2015-06-14 18:21:00	1349747	28.191	25.871	0.026	26.858
2015-06-14 18:22:00	1349748	26.924	25.860	0.026	26.859
2015-06-14 18:23:00	1349749	25.018	25.846	0.026	26.860
2015-06-14 18:24:00	1349750	23.654	25.831	0.028	26.867
2015-06-14 18:25:00	1349751	22.174	25.820	0.023	26.875
2015-06-14 18:26:00	1349752	20.488	25.801	0.026	26.883
2015-06-14 18:27:00	1349753	18.989	25.781	0.026	26.892
2015-06-14 18:28:00	1349754	17.584	25.757	0.025	26.909
2015-06-14 18:29:00	1349755	16.351	25.729	0.022	26.918
2015-06-14 18:30:00	1349756	15.218	25.699	0.023	26.920
2015-06-14 18:31:00	1349757	14.180	25.662	0.025	26.905
2015-06-14 18:32:00	1349758	13.332	25.627	0.025	26.887
2015-06-14 18:33:00	1349759	12.534	25.583	0.027	26.875
2015-06-14 18:34:00	1349760	11.845	25.538	0.025	26.866
2015-06-14 18:35:00	1349761	11.273	25.505	0.026	26.862
2015-06-14 18:36:00	1349762	10.818	25.477	0.023	26.851
2015-06-14 18:37:00	1349763	10.334	25.456	0.023	26.830
2015-06-14 18:38:00	1349764	9.812	25.453	0.024	26.815
2015-06-14 18:39:00	1349765	9.425	25.444	0.023	26.810
2015-06-14 18:40:00	1349766	9.008	25.429	0.025	26.800
2015-06-14 18:41:00	1349767	8.652	25.416	0.025	26.790
2015-06-14 18:42:00	1349768	8.255	25.398	0.026	26.785
2015-06-14 18:43:00	1349769	7.922	25.383	0.025	26.787
2015-06-14 18:44:00	1349770	7.521	25.359	0.026	26.794
2015-06-14 18:45:00	1349771	7.180	25.336	0.025	26.791
2015-06-14 18:46:00	1349772	6.780	25.322	0.026	26.795
2015-06-14 18:47:00	1349773	6.346	25.321	0.028	26.800
2015-06-14 18:48:00	1349774	5.990	25.301	0.026	26.817
2015-06-14 18:49:00	1349775	5.670	25.297	0.025	26.812
2015-06-14 18:50:00	1349776	5.494	25.302	0.020	26.781
2015-06-14 18:51:00	1349777	5.011	25.302	0.028	26.781
2015-06-14 18:52:00	1349778	4.809	25.325	0.020	26.781
2015-06-14 18:53:00	1349779	4.390	25.340	0.026	26.790
2015-06-14 18:54:00	1349780	4.072	25.332	0.026	26.796
2015-06-14 18:55:00	1349781	3.758	25.325	0.025	26.802
2015-06-14 18:56:00	1349782	3.474	25.315	0.023	26.814
2015-06-14 18:57:00	1349783	3.222	25.302	0.024	26.823
2015-06-14 18:58:00	1349784	3.058	25.290	0.024	26.835
2015-06-14 18:59:00	1349785	2.730	25.292	0.024	26.835
2015-06-14 19:00:00	1349786	2.536	25.306	0.021	26.833
2015-06-14 19:01:00	1349787	2.270	25.319	0.024	26.840
2015-06-14 19:02:00	1349788	2.017	25.317	0.024	26.851
2015-06-14 19:03:00	1349789	1.794	25.297	0.025	26.867
2015-06-14 19:04:00	1349790	1.580	25.302	0.026	26.873
2015-06-14 19:05:00	1349791	1.364	25.305	0.025	26.876
2015-06-14 19:06:00	1349792	1.148	25.302	0.027	26.889
2015-06-14 19:07:00	1349793	0.954	25.298	0.024	26.899
2015-06-14 19:08:00	1349794	0.841	25.306	0.024	26.904
2015-06-14 19:09:00	1349795	0.740	25.312	0.025	26.909
2015-06-14 19:10:00	1349796	0.720	25.312	0.025	26.919
2015-06-14 19:11:00	1349797	0.721	25.317	0.025	26.925
2015-06-14 19:12:00	1349798	0.603	25.315	0.025	26.932
2015-06-14 19:13:00	1349799	0.389	25.324	0.026	26.934
2015-06-14 19:14:00	1349800	0.262	25.339	0.026	26.930
2015-06-14 19:15:00	1349801	0.179	25.331	0.026	26.936
2015-06-14 19:16:00	1349802	0.109	25.321	0.026	26.934
2015-06-14 19:17:00	1349803	0.082	25.313	0.025	26.932
2015-06-14 19:18:00	1349804	0.040	25.330	0.026	26.931
2015-06-14 19:19:00	1349805	0.006	25.320	0.026	26.935
2015-06-14 19:20:00	1349806	-0.003	25.308	0.025	26.933
2015-06-14 19:21:00	1349807	-0.060	25.297	0.026	26.945
2015-06-14 19:22:00	1349808	-0.095	25.298	0.025	26.941
2015-06-14 19:23:00	1349809	-0.145	25.290	0.030	26.944
2015-06-14 19:24:00	1349810	-0.144	25.275	0.029	26.952
2015-06-14 19:25:00	1349811	-0.158	25.275	0.026	26.960
2015-06-14 19:26:00	1349812	-0.121	25.297	0.025	26.958
2015-06-14 19:27:00	1349813	-0.133	25.294	0.023	26.969
2015-06-14 19:28:00	1349814	-0.170	25.311	0.027	26.965
2015-06-14 19:29:00	1349815	-0.185	25.318	0.025	26.973
2015-06-14 19:30:00	1349816	-0.158	25.321	0.025	26.967
2015-06-14 19:31:00	1349817	-0.188	25.326	0.025	26.973
2015-06-14 19:32:00	1349818	-0.163	25.340	0.024	26.976
2015-06-14 19:33:00	1349819	-0.173	25.347	0.023	26.975
2015-06-14 19:34:00	1349820	-0.171	25.354	0.025	26.993
2015-06-14 19:35:00	1349821	-0.157	25.383	0.024	26.978
2015-06-14 19:36:00	1349822	-0.160	25.369	0.024	26.996
2015-06-14 19:37:00	1349823	-0.171	25.379	0.025	26.982
2015-06-14 19:38:00	1349824	-0.182	25.364	0.026	27.006
2015-06-14 19:39:00	1349825	-0.203	25.402	0.026	26.987
2015-06-14 19:40:00	1349826	-0.180	25.405	0.026	26.996
2015-06-14 19:41:00	1349827	-0.164	25.379	0.028	27.003
2015-06-14 19:42:00	1349828	-0.211	25.353	0.027	27.008
2015-06-14 19:43:00	1349829	-0.179	25.335	0.025	27.012
2015-06-14 19:44:00	1349830	-0.171	25.329	0.025	27.016
2015-06-14 19:45:00	1349831	-0.139	25.324	0.022	27.020
2015-06-14 19:46:00	1349832	-0.196	25.321	0.027	27.017
2015-06-14 19:47:00	1349833	-0.195	25.320	0.028	27.012
2015-06-14 19:48:00	1349834	-0.091	25.336	0.022	27.012
2015-06-14 19:49:00	1349835	-0.145	25.362	0.025	26.999
2015-06-14 19:50:00	1349836	-0.149	25.359	0.023	26.997
2015-06-14 19:51:00	1349837	-0.180	25.357	0.026	26.985
2015-06-14 19:52:00	1349838	-0.173	25.358	0.025	26.986
2015-06-14 19:53:00	1349839	-0.165	25.365	0.024	26.989
2015-06-14 19:54:00	1349840	-0.172	25.366	0.024	26.981
2015-06-14 19:55:00	1349841	-0.168	25.360	0.026	26.984
2015-06-14 19:56:00	1349842	-0.177	25.322	0.026	26.996
2015-06-14 19:57:00	1349843	-0.177	25.347	0.025	26.978
2015-06-14 19:58:00	1349844	-0.192	25.362	0.025	26.991
2015-06-14 19:59:00	1349845	-0.178	25.361	0.025	26.978
2015-06-14 20:00:00	1349846	-0.277	25.352	0.033	26.987
2015-06-14 20:01:00	1349847	-0.162	25.356	0.024	26.987
2015-06-14 20:02:00	1349848	-0.059	25.363	0.018	26.987
2015-06-14 20:03:00	1349849	-0.143	25.345	0.023	26.992
2015-06-14 20:04:00	1349850	-0.192	25.327	0.025	26.998
2015-06-14 20:05:00	1349851	-0.163	25.328	0.023	27.003
2015-06-14 20:06:00	1349852	-0.178	25.344	0.024	26.994
2015-06-14 20:07:00	1349853	-0.179	25.345	0.025	27.011
2015-06-14 20:08:00	1349854	-0.175	25.344	0.024	27.008
2015-06-14 20:09:00	1349855	-0.184	25.347	0.025	27.005
2015-06-14 20:10:00	1349856	-0.179	25.352	0.025	27.006
2015-06-14 20:11:00	1349857	-0.185	25.334	0.024	27.011
2015-06-14 20:12:00	1349858	-0.153	25.318	0.024	27.013
2015-06-14 20:13:00	1349859	-0.200	25.334	0.026	27.006
2015-06-14 20:14:00	1349860	-0.185	25.326	0.025	27.017
2015-06-14 20:15:00	1349861	-0.169	25.319	0.023	27.024
2015-06-14 20:16:00	1349862	-0.176	25.316	0.026	27.020
2015-06-14 20:17:00	1349863	-0.140	25.306	0.024	27.030
2015-06-14 20:18:00	1349864	-0.197	25.318	0.028	27.018
2015-06-14 20:19:00	1349865	-0.069	25.337	0.018	27.024
2015-06-14 20:20:00	1349866	-0.198	25.379	0.030	26.998
2015-06-14 20:21:00	1349867	-0.241	25.419	0.032	27.011
2015-06-14 20:22:00	1349868	-0.149	25.433	0.024	27.008
2015-06-14 20:23:00	1349869	-0.169	25.432	0.024	27.031
2015-06-14 20:24:00	1349870	-0.154	25.431	0.024	27.029
2015-06-14 20:25:00	1349871	-0.167	25.422	0.024	27.051
2015-06-14 20:26:00	1349872	-0.166	25.428	0.024	27.046
2015-06-14 20:27:00	1349873	-0.155	25.437	0.025	27.057
2015-06-14 20:28:00	1349874	-0.179	25.443	0.025	27.061
2015-06-14 20:29:00	1349875	-0.177	25.428	0.026	27.074
2015-06-14 20:30:00	1349876	-0.174	25.398	0.024	27.092
2015-06-14 20:31:00	1349877	-0.177	25.381	0.026	27.084
2015-06-14 20:32:00	1349878	-0.177	25.370	0.026	27.099
2015-06-14 20:33:00	1349879	-0.173	25.370	0.025	27.085
2015-06-14 20:34:00	1349880	-0.153	25.355	0.024	27.099
2015-06-14 20:35:00	1349881	-0.159	25.342	0.025	27.100
2015-06-14 20:36:00	1349882	-0.154	25.322	0.023	27.099
2015-06-14 20:37:00	1349883	-0.152	25.302	0.022	27.109
2015-06-14 20:38:00	1349884	-0.185	25.313	0.026	27.093
2015-06-14 20:39:00	1349885	-0.191	25.313	0.025	27.090
2015-06-14 20:40:00	1349886	-0.170	25.310	0.025	27.096
2015-06-14 20:41:00	1349887	-0.170	25.294	0.026	27.101
2015-06-14 20:42:00	1349888	-0.188	25.324	0.026	27.114
2015-06-14 20:43:00	1349889	-0.172	25.381	0.024	27.121
2015-06-14 20:44:00	1349890	-0.206	25.385	0.028	27.123
2015-06-14 20:45:00	1349891	-0.101	25.411	0.022	27.129
2015-06-14 20:46:00	1349892	-0.125	25.417	0.019	27.131
2015-06-14 20:47:00	1349893	-0.132	25.403	0.024	27.131
2015-06-14 20:48:00	1349894	-0.229	25.410	0.028	27.130
2015-06-14 20:49:00	1349895	-0.204	25.392	0.027	27.126
2015-06-14 20:50:00	1349896	-0.186	25.386	0.024	27.124
2015-06-14 20:51:00	1349897	-0.283	25.389	0.028	27.120
2015-06-14 20:52:00	1349898	-0.121	25.393	0.024	27.123
2015-06-14 20:53:00	1349899	-0.222	25.406	0.028	27.122
2015-06-14 20:54:00	1349900	-0.084	25.412	0.021	27.120
2015-06-14 20:55:00	1349901	-0.161	25.430	0.024	27.118
2015-06-14 20:56:00	1349902	-0.147	25.444	0.022	27.115
2015-06-14 20:57:00	1349903	-0.172	25.456	0.026	27.115
2015-06-14 20:58:00	1349904	-0.171	25.447	0.025	27.110
2015-06-14 20:59:00	1349905	-0.254	25.432	0.030	27.115
2015-06-14 21:00:00	1349906	-0.196	25.431	0.024	27.117
2015-06-14 21:01:00	1349907	-0.187	25.440	0.026	27.115
2015-06-14 21:02:00	1349908	-0.205	25.440	0.028	27.113
2015-06-14 21:03:00	1349909	-0.203	25.439	0.025	27.108
2015-06-14 21:04:00	1349910	-0.187	25.445	0.026	27.103
2015-06-14 21:05:00	1349911	-0.179	25.453	0.026	27.099
2015-06-14 21:06:00	1349912	-0.134	25.454	0.022	27.102
2015-06-14 21:07:00	1349913	-0.134	25.450	0.023	27.102
2015-06-14 21:08:00	1349914	-0.182	25.431	0.027	27.093
2015-06-14 21:09:00	1349915	-0.164	25.422	0.025	27.091
2015-06-14 21:10:00	1349916	-0.155	25.412	0.025	27.094
2015-06-14 21:11:00	1349917	-0.160	25.417	0.023	27.098
2015-06-14 21:12:00	1349918	-0.197	25.404	0.026	27.101
2015-06-14 21:13:00	1349919	-0.174	25.402	0.028	27.102
2015-06-14 21:14:00	1349920	-0.161	25.410	0.024	27.102
2015-06-14 21:15:00	1349921	-0.167	25.412	0.022	27.111
2015-06-14 21:16:00	1349922	-0.163	25.418	0.024	27.112
2015-06-14 21:17:00	1349923	-0.147	25.442	0.023	27.114
2015-06-14 21:18:00	1349924	-0.272	25.468	0.031	27.120
2015-06-14 21:19:00	1349925	-0.167	25.465	0.023	27.126
2015-06-14 21:20:00	1349926	-0.130	25.451	0.021	27.131
2015-06-14 21:21:00	1349927	-0.159	25.442	0.026	27.137
2015-06-14 21:22:00	1349928	-0.180	25.471	0.024	27.132
2015-06-14 21:23:00	1349929	-0.179	25.497	0.025	27.130
2015-06-14 21:24:00	1349930	-0.184	25.491	0.027	27.129
2015-06-14 21:25:00	1349931	-0.172	25.483	0.025	27.130
2015-06-14 21:26:00	1349932	-0.178	25.470	0.024	27.130
2015-06-14 21:27:00	1349933	-0.173	25.465	0.024	27.130
2015-06-14 21:28:00	1349934	-0.101	25.464	0.021	27.128
2015-06-14 21:29:00	1349935	-0.196	25.455	0.026	27.131
2015-06-14 21:30:00	1349936	-0.118	25.456	0.022	27.130
2015-06-14 21:31:00	1349937	-0.266	25.471	0.030	27.127
2015-06-14 21:32:00	1349938	-0.218	25.491	0.029	27.126
2015-06-14 21:33:00	1349939	-0.133	25.484	0.024	27.131
2015-06-14 21:34:00	1349940	-0.256	25.478	0.029	27.131
2015-06-14 21:35:00	1349941	-0.171	25.471	0.024	27.131
2015-06-14 21:36:00	1349942	-0.178	25.469	0.027	27.132
2015-06-14 21:37:00	1349943	-0.181	25.476	0.026	27.130
2015-06-14 21:38:00	1349944	-0.171	25.463	0.025	27.135
2015-06-14 21:39:00	1349945	-0.173	25.473	0.024	27.136
2015-06-14 21:40:00	1349946	-0.169	25.471	0.024	27.144
2015-06-14 21:41:00	1349947	-0.167	25.463	0.026	27.153
2015-06-14 21:42:00	1349948	-0.179	25.465	0.026	27.152
2015-06-14 21:43:00	1349949	-0.166	25.457	0.024	27.153
2015-06-14 21:44:00	1349950	-0.174	25.455	0.025	27.151
2015-06-14 21:45:00	1349951	-0.179	25.431	0.025	27.152
2015-06-14 21:46:00	1349952	-0.183	25.414	0.025	27.155
2015-06-14 21:47:00	1349953	-0.194	25.418	0.024	27.157
2015-06-14 21:48:00	1349954	-0.166	25.406	0.024	27.155
2015-06-14 21:49:00	1349955	-0.162	25.380	0.026	27.155
2015-06-14 21:50:00	1349956	-0.169	25.400	0.025	27.150
2015-06-14 21:51:00	1349957	-0.177	25.408	0.025	27.147
2015-06-14 21:52:00	1349958	-0.159	25.418	0.024	27.146
2015-06-14 21:53:00	1349959	-0.162	25.451	0.024	27.147
2015-06-14 21:54:00	1349960	-0.166	25.478	0.026	27.152
2015-06-14 21:55:00	1349961	-0.171	25.493	0.026	27.159
2015-06-14 21:56:00	1349962	-0.151	25.485	0.024	27.159
2015-06-14 21:57:00	1349963	-0.173	25.488	0.026	27.163
2015-06-14 21:58:00	1349964	-0.178	25.478	0.026	27.171
2015-06-14 21:59:00	1349965	-0.149	25.476	0.025	27.179
2015-06-14 22:00:00	1349966	-0.164	25.492	0.025	27.184
2015-06-14 22:01:00	1349967	-0.166	25.505	0.025	27.195
2015-06-14 22:02:00	1349968	-0.152	25.513	0.022	27.206
2015-06-14 22:03:00	1349969	-0.182	25.549	0.028	27.216
2015-06-14 22:04:00	1349970	-0.159	25.569	0.024	27.221
2015-06-14 22:05:00	1349971	-0.174	25.594	0.026	27.222
2015-06-14 22:06:00	1349972	-0.164	25.599	0.025	27.206
2015-06-14 22:07:00	1349973	-0.176	25.597	0.025	27.204
2015-06-14 22:08:00	1349974	-0.174	25.577	0.024	27.204
2015-06-14 22:09:00	1349975	-0.167	25.580	0.025	27.207
2015-06-14 22:10:00	1349976	-0.163	25.579	0.025	27.206
2015-06-14 22:11:00	1349977	-0.182	25.565	0.027	27.203
2015-06-14 22:12:00	1349978	-0.176	25.542	0.025	27.200
2015-06-14 22:13:00	1349979	-0.160	25.510	0.024	27.195
2015-06-14 22:14:00	1349980	-0.191	25.469	0.026	27.192
2015-06-14 22:15:00	1349981	-0.153	25.442	0.024	27.189
2015-06-14 22:16:00	1349982	-0.175	25.426	0.025	27.185
2015-06-14 22:17:00	1349983	-0.155	25.415	0.024	27.182
2015-06-14 22:18:00	1349984	-0.181	25.418	0.026	27.181
2015-06-14 22:19:00	1349985	-0.150	25.436	0.025	27.178
2015-06-14 22:20:00	1349986	-0.192	25.426	0.024	27.176
2015-06-14 22:21:00	1349987	-0.163	25.421	0.026	27.171
2015-06-14 22:22:00	1349988	-0.175	25.372	0.026	27.173
2015-06-14 22:23:00	1349989	-0.146	25.351	0.024	27.167
2015-06-14 22:24:00	1349990	-0.167	25.341	0.025	27.162
2015-06-14 22:25:00	1349991	-0.164	25.353	0.024	27.154
2015-06-14 22:26:00	1349992	-0.170	25.389	0.025	27.150
2015-06-14 22:27:00	1349993	-0.163	25.418	0.026	27.154
2015-06-14 22:28:00	1349994	-0.175	25.405	0.025	27.158
2015-06-14 22:29:00	1349995	-0.176	25.424	0.025	27.156
2015-06-14 22:30:00	1349996	-0.181	25.423	0.025	27.158
2015-06-14 22:31:00	1349997	-0.167	25.427	0.025	27.159
2015-06-14 22:32:00	1349998	-0.186	25.466	0.025	27.162
2015-06-14 22:33:00	1349999	-0.179	25.480	0.025	27.168
2015-06-14 22:34:00	1350000	-0.145	25.509	0.028	27.175
2015-06-14 22:35:00	1350001	-0.155	25.508	0.023	27.177
2015-06-14 22:36:00	1350002	-0.157	25.484	0.023	27.177
2015-06-14 22:37:00	1350003	-0.178	25.471	0.024	27.177
2015-06-14 22:38:00	1350004	-0.178	25.488	0.024	27.183
2015-06-14 22:39:00	1350005	-0.082	25.527	0.023	27.182
2015-06-14 22:40:00	1350006	-0.196	25.548	0.025	27.178
2015-06-14 22:41:00	1350007	-0.144	25.558	0.026	27.184
2015-06-14 22:42:00	1350008	-0.167	25.558	0.025	27.192
2015-06-14 22:43:00	1350009	-0.147	25.563	0.021	27.191
2015-06-14 22:44:00	1350010	-0.142	25.597	0.024	27.191
2015-06-14 22:45:00	1350011	-0.128	25.607	0.025	27.194
2015-06-14 22:46:00	1350012	-0.204	25.630	0.026	27.197
2015-06-14 22:47:00	1350013	-0.163	25.657	0.024	27.201
2015-06-14 22:48:00	1350014	-0.225	25.664	0.027	27.206
2015-06-14 22:49:00	1350015	-0.235	25.674	0.027	27.207
2015-06-14 22:50:00	1350016	-0.188	25.686	0.026	27.208
2015-06-14 22:51:00	1350017	-0.165	25.712	0.025	27.211
2015-06-14 22:52:00	1350018	-0.162	25.723	0.026	27.215
2015-06-14 22:53:00	1350019	-0.186	25.712	0.024	27.220
2015-06-14 22:54:00	1350020	-0.199	25.690	0.025	27.225
2015-06-14 22:55:00	1350021	-0.190	25.671	0.025	27.228
2015-06-14 22:56:00	1350022	-0.175	25.713	0.024	27.232
2015-06-14 22:57:00	1350023	-0.174	25.759	0.025	27.226
2015-06-14 22:58:00	1350024	-0.163	25.767	0.025	27.230
2015-06-14 22:59:00	1350025	-0.174	25.773	0.025	27.235
2015-06-14 23:00:00	1350026	-0.295	25.766	0.033	27.243
2015-06-14 23:01:00	1350027	-0.160	25.783	0.024	27.240
2015-06-14 23:02:00	1350028	-0.169	25.769	0.025	27.245
2015-06-14 23:03:00	1350029	-0.178	25.755	0.026	27.249
2015-06-14 23:04:00	1350030	-0.164	25.764	0.025	27.249
2015-06-14 23:05:00	1350031	-0.185	25.764	0.027	27.244
2015-06-14 23:06:00	1350032	-0.164	25.732	0.025	27.250
2015-06-14 23:07:00	1350033	-0.175	25.696	0.024	27.254
2015-06-14 23:08:00	1350034	-0.160	25.700	0.025	27.249
2015-06-14 23:09:00	1350035	-0.165	25.718	0.026	27.241
2015-06-14 23:10:00	1350036	-0.165	25.747	0.026	27.239
2015-06-14 23:11:00	1350037	-0.153	25.754	0.023	27.237
2015-06-14 23:12:00	1350038	-0.165	25.749	0.025	27.238
2015-06-14 23:13:00	1350039	-0.173	25.749	0.026	27.237
2015-06-14 23:14:00	1350040	-0.180	25.766	0.025	27.238
2015-06-14 23:15:00	1350041	-0.174	25.769	0.025	27.241
2015-06-14 23:16:00	1350042	-0.182	25.754	0.026	27.240
2015-06-14 23:17:00	1350043	-0.233	25.719	0.027	27.242
2015-06-14 23:18:00	1350044	-0.182	25.722	0.026	27.249
2015-06-14 23:19:00	1350045	-0.189	25.718	0.025	27.256
2015-06-14 23:20:00	1350046	-0.215	25.726	0.028	27.257
2015-06-14 23:21:00	1350047	-0.165	25.751	0.023	27.262
2015-06-14 23:22:00	1350048	-0.193	25.766	0.026	27.271
2015-06-14 23:23:00	1350049	-0.161	25.782	0.025	27.280
2015-06-14 23:24:00	1350050	-0.165	25.777	0.025	27.288
2015-06-14 23:25:00	1350051	-0.164	25.768	0.024	27.289
2015-06-14 23:26:00	1350052	-0.160	25.746	0.026	27.285
2015-06-14 23:27:00	1350053	-0.171	25.711	0.025	27.282
2015-06-14 23:28:00	1350054	-0.165	25.687	0.025	27.276
2015-06-14 23:29:00	1350055	-0.144	25.655	0.023	27.276
2015-06-14 23:30:00	1350056	-0.157	25.639	0.024	27.271
2015-06-14 23:31:00	1350057	-0.183	25.623	0.026	27.269
2015-06-14 23:32:00	1350058	-0.171	25.603	0.025	27.269
2015-06-14 23:33:00	1350059	-0.186	25.572	0.027	27.270
2015-06-14 23:34:00	1350060	-0.152	25.539	0.024	27.271
2015-06-14 23:35:00	1350061	-0.194	25.501	0.028	27.270
2015-06-14 23:36:00	1350062	-0.132	25.473	0.023	27.266
2015-06-14 23:37:00	1350063	-0.145	25.446	0.024	27.262
2015-06-14 23:38:00	1350064	-0.166	25.432	0.025	27.257
2015-06-14 23:39:00	1350065	-0.155	25.434	0.024	27.257
2015-06-14 23:40:00	1350066	-0.220	25.432	0.030	27.256
2015-06-14 23:41:00	1350067	-0.256	25.424	0.027	27.256
2015-06-14 23:42:00	1350068	-0.234	25.430	0.028	27.252
2015-06-14 23:43:00	1350069	-0.137	25.470	0.021	27.238
2015-06-14 23:44:00	1350070	-0.178	25.468	0.026	27.239
2015-06-14 23:45:00	1350071	-0.128	25.439	0.025	27.240
2015-06-14 23:46:00	1350072	-0.186	25.414	0.026	27.239
2015-06-14 23:47:00	1350073	-0.185	25.409	0.026	27.233
2015-06-14 23:48:00	1350074	-0.172	25.397	0.024	27.232
2015-06-14 23:49:00	1350075	-0.172	25.406	0.025	27.231
2015-06-14 23:50:00	1350076	-0.153	25.421	0.024	27.234
2015-06-14 23:51:00	1350077	-0.182	25.423	0.026	27.237
2015-06-14 23:52:00	1350078	-0.178	25.426	0.024	27.237
2015-06-14 23:53:00	1350079	-0.201	25.444	0.026	27.232
2015-06-14 23:54:00	1350080	-0.177	25.460	0.025	27.231
2015-06-14 23:55:00	1350081	-0.182	25.450	0.024	27.232
2015-06-14 23:56:00	1350082	-0.180	25.447	0.025	27.231
2015-06-14 23:57:00	1350083	-0.130	25.428	0.022	27.231
2015-06-14 23:58:00	1350084	-0.294	25.406	0.030	27.233
2015-06-14 23:59:00	1350085	-0.185	25.399	0.025	27.232
